42122843802102724479736325139691145784269835858634065559035788568270779449344
40286546154245909519430593084950931394777464518698396005093242446212606459904
27126925464400713145064243015980958016707470663673363509767606487353535758336
10257811194310080738442340875860162501149619738915357939315084992639906184
88487725467582525173563211619182412922990330826990157379191777427496112901
216762747062824063117452220212245985179288836319415293003229067036359079250
585521234938475083610024999046247517532360517677251569901625284601818140649
1707924415727706617158718861359636640418666062869539179816191540105212440058
1054667050564384860996550019765468952921688687402773193654547098367932336119
3358968845749790568140507063535913188348671282094586644186790856023147810822
2859173873301289628132317509149732530026862582030958625532451220799904687460
1508047662277459931766484640861845521013637913725795271310007484097688047375
1779030636811285305379006127214802134929371772235608277745032984384086188993
957855817091451752934729762858967019881813199485611330202516749503247073441
1837875705220235321933080638447098606126848259882912250740498508771506018056
3113883296746602196211256755108168977648207265655629041931899169360704285981
3163791158115507208379615242250906581467137441290327075595730395151292552446
2141221092282934206524237812121322564783745656590275514063432131061476456750
2466569094578602711174551234486918646785339683499898142389777872721403517339
3249141769252729518968321133216469960547961647986325484877017249763962942459
223742927059881935984858984813011800775145916576927253542068695349167817615
764751516521202705844001391596427997415226215071924260585701408429352717935
805160553990188528449598473280517182372814129390400731928093097166818302529
3291736325324682766932848931598494967919304120704002131544484873543066425590
949154492594552831106959085024157560611674328822744117014616731970640001916
710034807157178864522336504017068888731625084993750396839056015415651133902
388308130006072760876799327608938557942070305066721066486732841402635603438
3341660242466527512397612536586905536609574513106352686174903562595296285073
2304159216620077641804210658948980859310328131313656454081665261257489734626
830086609582700659752087584813935615314722545797952613880928353499712644379
3367712857719033135913396135492941341311656119697798207541551707298680693904
1358061334319863531445065193878507178544625758411915892276828594292571662508
2338323011231737169558933726964548367154201902504475997556507749330945698279
3317540080177307318628035517553031834839835100908185956657702269615281957709
3572457015364420965555223865800688994029670552562980266039190847142633208396
3314291682314199320406059897725913828020250072295113351774442293873988489227
1700667360412292119319093477023210868525417401989369336725851339151257391632
2038817350482138316306281489585369282059615508047501872161076331610886560790
264531119643920824823664981788698340738937998249393918252183158596201860586
3507311485197552150230583239945460093263665552476032491831123456587117976959
1867215521273174235158837468063781732595247203189781572292321350156603716558
2221173755013489362074627826400628729729017755121227070190822067770360683742
3309922819188912411473529360657798353174950684403219148332037964734460586521
1246587400739351156450549488184080325712555276403547610329768979031854927017
2584051771677763391241290652466463319550791812949877286448750006085031137106
2299053708167580797781193172018381338957126194277118642454506270440737989714
3580051095658134276099833522347231651378716507991999514583676149321560727824
3243712946690442043644764559741049703944508677207016269005128718428924314641
1500029477125157941513532602976163547732253786250455811961735699225905601703
1967713076834294677115069211891975027719096539102234347029054600589047669932
558482781326896426996235101390419739596048301948129214454774553745215917119
1037460651419766077927538350408691950625216755932658964390547804938562580764
3565116397897602367753819297081789680315974496782164147162601706015872602413
3203714827723267727072136487739012129856626434323414193731444546610525160775
2044701981628018720743442050256581925718429804069406134460217306036259667898
2753429354237397285729783620146160465980059805958504211781197553439103728015
3548873024621387481304472757716761135622346731200865108037622941487763883675
2398334499944726808842993972256687242661410407851020717959178298925202784383
1942999615953915764713235637118067603679406025117244124198608601487299822057
3282888039995010494897085048055265177606909808470728633235337822148945862071
1316721027461923642695221883025233834881088096748178905230512183358227086901
2974728041310876549790130345074616724286947304941827733718846540771034683127
2080825833921100108997649270968238721785398282409693263736101424205670274160
2211879355497436338920958470501312318927399469221134857983167264892199299354
3193935984484438812674570883969865944749056128540453415281966717235507712691
293629871252939156765342574042642410747212161804047409274583369919302506652
2485473092870831099386628332253464242921508593135195855049900580943142829348
1483455774290143820148275070772496725445405773642934640092159763676096468399
273677669587907910925733146031234413852469222765052450366603071393352724700
3023275695964635986769350502126765788870450242618070480740752165631729227138
1597139914591568600183483761196072457600523383187558328331197876677104462652
1449375711792902990411475662394382984125652200417586227327705720423560053892
1363719881802601267088325919324570535322612375472346741034088428557486469606
1903372072466721108976551041878083056544569447540760960406170273106050615633
1617440792647723123985903409994067987455984010196868432046065778393790856337
3341983384541807521347753314655148361549959203366593458198638371708399937549
2544140529222296304801251132766050598688687699047072654300836700289411275327
2834321338318776467283500028229674861332825232398626825626212364163519613997
833766507342036575264524039557772422215142257685850405526348970707202439639
1418210240192037573353024880107562716739231425582644284501875914288181121924
337731911263117757586604145175862172012146075100734812534666756381267736789
2546699890061918425773541682171396279778511674353940881572809062406390035326
480291288864445583505175701655115462539047392316116175270295978542828431475
1536973243564265512686511735626912455832454516505161651437982472796363469922
1896669374874911765827526652579446407577525086004241930322794887883717886822
3319601318005090068821500048875010493114124789775526282463545779108922091611
93932702341020750337470416258998085571718344282704720947187630054230214770
1728792248361158906168392748337040433260121707371145560479700948661501251460
285704178102103430842055191468891881316229277196879166160814903566557427053
1883694299474282382596893642965987862509387166513365221850035307434091137168
2996449286494794253669254724795387176592587523101237027647235339758265789677
593797981640606301752058860725911325863472498516589129628147177519231680887
2458932484904241683205400876101571640802255968595311147524189323728107755262
1982708503221629334776855302860122293553453156540246507797501974564835990145
2272166006899595827951532649273497333718684819209439634388883780740263278055
793146008403646495887619088468171349085925493729895260876417817217437231335
3449562098591703195309102388408164980480229680081174041173251936738426643591
280620298349923569054823295301775332459239277900539806846759234551342491481
3492041336993464826570486153764465948188284813990283531903083493749666494774
2009650905309511072712871802421005225544342163461016218981745207645064420585
1590883983813079247503859575198694472685077535523220011772589165709162179460
323126031824534670637023832318245866868698531870116744570882763372826395900
1076092344683936482557181965813402370063016013031103816525663132036298707407
703646476235364166886962942433030085498650269261981724691405562264255114765
1145673819517627880861221987600377228895223914777031418353510485480235891900
1598635997714916067122560448297857020285205486091445788581423011248082811706
833127125183730980927629085900361311629565739482542141194735719811718845262
3540289220655543513513263569128224803646714821642628426064902465684811752739
2079129090097209116628162435031116545795045037973252380592584374555239092701
2141642079259645448272486989231557876451985952986803473005107439276311630163
416876265535524440138403077463777077078389115100485429599498435665442820253
803908061531519499772615243136831873064479233890682070750277457232205237970
3157927763970181470516942410558662006954712078045426644601639931116267484312
2953346821230185139493070070194052136209176412265416800033327147990557626443
2366747365177775464457525511085448965359147308999698657772373552390189830591
1407665598490902696839536169138154120324194293603551451357029264066474525114
966463971679846292517310101186686644162086142791676798994146157254214432870
2980319187204048842217592465162170639096873275973887801737412806538078958106
2492613489492523624904251707882245046467849054779349858335406218837901173440
1106320398221514506226197997909709787650358600327309085260230831266786580028
3575687158681069031304618880305409923269885005772402962845617668715885485277
1782988277236831764512017828937054706250162376195763749908951417810614706323
2802596654524470826409700881383083382105560681026644586292948539379981760567
1874068998610157460199819765318155476113208566287197587399282100205224532336
903589394022693495812204484899512345750335201155196897179435493781062165993
2601391506076061995817624710711727498125692391578159666041622008017782181377
2661677512171578456084903648488742870373446070581972485773185044770729579499
2031220699263743998003034427027767493878770789723857328972131532231556362364
1714929293436706743586311350945074905618797150052207757619870869854368263385
1434951967362676829953712301969760642490871025849822946757659091834423402148
830249272571899125063032267807583661126322213289983641286260949471913987640
1255832904144158886014235493286024373481953462977678956710382356969540455679
3072449397494504874490825174719068493544977454950279483428611724633538655024
3213691052758917523716301004866000261918473285419984620820686240993791363046
2425477716614909526122278483112081180549084003446313384287283479645960033248
3503250619723071935159347720055001390002451561864921106817247636901561961319
2561989809806074988822757128125611525208434301412666234035560707097676061347
654096463798545887905606081546594061889148814736573951864963356288598485480
19955758712075171289791356987048200246376225186724456013809400078421148565504
91498952395941680565912100746512088924750579606723630469915212923248184393728
44861728735837344651519323403814828426709800123275747129379083810700057903104
42332859229382779817686048000921977331332531336420152302101994975817946365952
21401786334320281119130014872280648798269764099986182522107226894860088770560
1601709746167623218853359466041436502953081080872270963710309287558180241408
35402043898045277647364735944068481906612467512202969803580835961765669896192
2850942566507428623951467058139644055639741028230937330839037364028691342803
556197710673520034138152525955590976082308297481963136852907957801689792446
3393455339420854155823962003182083067016901300060183352049036819736785934518
2476188872847363167147609068515256149843215297294973580419442450210040761475
2470991574041693885274180405551749674165485476668729169136944079995572692730
2500396972466662238833353427341421556421007354366544238143519796443558372019
1041807312176558441876338856094236052602811025791679353953520916673960428416
3200391951029488008600924578188063987621560365930166958353320745979513564144
146052532249544126948408849987155903201623797026297718021940892810792924217
3134267422699302446941358817470649185366427610960392556023747510704335633405
1006098477615135438346714044962787276072762751570990421471959506503849801046
3232660868297655975147845541191117439502113089094945276781685603690933980759
1609090621941102614322563421611853620692167050187704981864507080426170578712
2739570154271701120973437892497833546586351149981757819339976684143313308468
1906744338807166960599462049229861215626503658667099585970736312400165081209
2963905954744324420486342802427484459592380899530079887903792297569208060496
421312946790628015452699583646966252764448358309563904808010186884811736490
822663250806645974252201826334601230277496115158836833314620172846771975195
3158700593139875600687940142431945854601681880602893291974873615678559561368
3294106619041865643589725987948670974915463223965813752056939372115416855176
1179913154177889059557271287309616387304161290280289167014993633367950494204
2516377027540182182716803329913493528771732208102628038993905147940952110791
2295328171763160413436037168861028524573759995076726134670313998266361144908
3308321724588885377968670488218096436847071862714709900089687694399310910380
222885180899095268447650945168581953716669510702131726683752863218067618491
2979425379522904574660701877171535589694642945086874057906842178797987940272
1935448672209766249767675340330308511422459310012937236907759746446131577558
3141474299129513877832365260237416679782096530902022992746416666519878545061
1659525315721649058585318249263153793584031855462128922138655523962003752866
2919415237340620125430821977598461388501244394725446924193374099825709583997
509372668049265924175687409951932177356599867225497359409242023160388079353
1354232251165836069379537178504150419169838718578581444801661355031757066683
3109173387037283675513648187165911091880881836175709654792530228698085353056
194758033229459375961306785546065027413710302496056335723714047982908240649
280442912751019728797444770088661697145757102492773518098833505275968845382
2453453541801437518812167779431520817405538776257421140939317710634674598081
168161237376150118907789523480116471232914070652187633763946030833743213603
1975996151028691527795096630254479831780047273218312156407450558986052057413
1222631956014420981577128444849427734739152887002658568617868483475313463569
1720136147922072672619905193696737697697051414220147155012445889915004820787
2040755955426884918714571680588765825849962174064842901571441166984093056891
228214351812089154246973879771620544700503788392985081606949175588841943495
2771162201259297651339358708100495300786230691242558294652908157383370021701
1200555285993127724297521177487288101937480059720291795272024439078524779012
966857756951991551914986426348755457967083236664063665612299465086042591437
743153399603823135250609729902004231734397325926622412055576446109135763837
69206441210604165063722527284525096574336368504374916564154111941086470061
1805797574572137001454059211696312722794328692351539642939240469446555799287
977019403210171366122526569767202904123635991710836906508616018762098575398
135452318527334351242827539215229347788064630638222848440360021578413676186
708808132811611445706051033224613867512810421001625495528837924872190545114
1938645360519004876792507022299862220912959455748597362985065511282279013351
1013528584968512800626064804481857070703372872496240649197657015841904815188
549248179019712298488258009195345491266842323426195795032190647891132409619
1322900009332497965810163429264869456850598208513904029217710500098471068319
2698364712468100120191294478358757670014814523719782290024713398002847867209
547892297126096777486965340287342380289077178455002565194260062924509517817
2852446436842986384093640872678198899408018577144344223138816715336826009809
2099992043332654200412367824251245478321774164863349306470267963527730217916
2554990081074952142700373236725763687241171263660088585213764285424186104016
438602643739563079071167083415392075394997531102070610205193199610491431194
665900693336101537449884062789099732747051581028044160764252569464411995821
2729751470820556222309167429828099898043582546737724504569914411847037500277
907478381342791444624504581650030693637463746159362385987965423142623322375
6804223663775809238132067606140088711124100273471528078190490481549
112859104895192813080213304478703741195684057875322876254577268134331576852768
14060509883113163581912428148828384200819417246275262623365678636528563340289
101739985448794881297094567893756686503706927272776315673111632407565341536288
11779218765419629064290574040861266714167188638752701236747249821855437459773
43118804080007132844621112801451322115813767630757560502652616568976392273119
34465207132432249257118318194407076306432315449058289689641501399073955013605
71376916935355152892252188852115863328584992567911067783993527868027158429419
37187764430811450579143626764417744017658967349221803194724078411114963269607
20428485976195499065798248656567397479451574657730837196762984529033685542999
33064629436198649973776228846449967162561768311703571505368477563422106220349
15961878211833417171460163630015237981143804669774587704972041176340485440210
35708994014541178900235447605194477138783258418549796772037187746109967717892
108347578151406686901098777248786917679905690972142118417322919177155313969927
105940990046076987737451607196921033414202628182183320066375725230149635889477
45883298839500967989764426427163233740749737750681204620184787589692063623146
61317854252967966486477004528484883757086496413578224762096763372409956406227
10766836951552011677750385138643844525617421696223115130803285274807484175428
58656040801427871592792721197705656702874978271914325224886336682686402243373
65153283393612183602823901277067701629820339690468270827460611097951327793335
50562149371690188221940795865427136274249344139065965271834690093749982091442
96799634706379819480270336594932972710191096018320549102159001009558087685832
70243639429723893187708402889559874538777477321437313206275965679868868067588
99766076789363782601722469865487437496941968480247769958490219315122451595571
72467293603846765996208788751676888306390984037693262567167423687156338193043
83453824635322410340456407663419095462241793174321546797901301329495809791225
114005149017268396920464025334862160637587749391589424755223864772331546358508
8908224380320969514250791865690931575673289113376487657539870704609396247542
38056147403446574591112674728527113162378352500148778229124548626321452005709
18139797001781712061181940680945392507502328462835701746367166415107299254595
4404988443951049187349073023707203501525285649245504456864093974660337189682
8391221498628476618687313847225591102274575763457462072565708388400495951923
112596711646791167145956127742401067679220070662977686108580846144683189273736
107431747208119450345471693260105533917361057589510752631160631242507075336376
85116696138926968566701562357053633952436453109296532012340488775216902840750
111556599625507972529071538993208891947181903381860250033341497722582159153676
19942123220152199392436936632506716459684875258746770848875649106354454054762
63706628564896502110756908145792131300810755434025026981915109608178100663075
89856063034318739458163177706468024418088671243633855504361574162741706690165
95761481305723115538069195300519018440751629440302145078324660055412341270749
4943515626223590622969630497996283961165797144417477178247364350858387132851
28212578867419884688836750177300937806708711971347514052173182681151070996183
60961504005043925041768857092683898732316457329139764023326626372689495610446
504320449257411393818877799845864894294455274692505397153129820750838396981
88459114288444718264978832731766019129957525542485649399466920779502436883791
22576147965387250149445289845405585228651421602675368150256690107498271488897
88633467040060696529296938068456180457118743811209691749277863608588303874183
80420976640621467886697341339277999338992777602942512096747188584306474070906
70176443440927665053335199312426735259840366415431479002910109055022712245839
59256601941065911045277343819300257015818269397177815934805576650526495833873
92508174274728202529674142103541197269323644609814263977405924473990617091504
2620741281243069170251707665090544515763357300369877836579142165244335714066
114161488721815505671676874580335384098119729079578916190434873645095791465627
25120870195111227748880833092339180610040495551045866833998851007377359311765
7371724655518907316705782945898208394109503446907488584353375673427728025270
79876383097730103324807082232153790184305119387419701037414590003124045511964
31197507982671770034574188418955490609334089415775576829958062141617455989947
88156562947819089844586944992823701715459802533251808318451938329892595279445
89134101742233495279733068453665519189423580645306144104468834185882229666832
69101146873263484131523104399443059561948838405420341096479720608233602343130
93477587269556432971716458863765561084167018573286070992129246835566775038361
72416432826561377278762774034554804358787063087012510665141762092493378717831
85125253158813566492727591468199378053707949535422111336199380160471297884616
32836262616424563452224223933868408769701589465862170334620237098368815916244
73298629214130109469700760480122871345501801714040217666030453767492329181733
98067813582208029394764025787381093771034511167754439658530876006680387849883
23492080718427096738231418859299398695403877750688527717583127491156081197864
729644004041956108053980062204726013189088135069201958156139785400686826377
22562934147309584597995887897513221374639912903266235017972115461374727028166
41162862474394336496314853246758689937299986657772656922516801057290514220159
17276358390968912353267448422361484513972602405732106714367518536761988852187
78712572306707824371923127591064814883865538085358568214944184796408430987683
100004518495141988535406278329397919877373798652903764203776720569450908404313
91629143748511088779516694653806346783590529334627651985024950409050337489476
88462952951721362816527448335542169347894285352905346353485267280374958332947
36346707168271944363091990784907874186951734868599224092281021492216885943204
99232620131862534865507286213070620587460644890617553579159463417433503773594
15758298140835445751916633233309877676072274844483167887448065757128201210752
65686637057901427089433599536292859251528258006096674650107545965075808923461
85858257143780470579335626728668911905679873643554189321608770865880281857883
32461714334409377677268039634156188929963126185189255754278712720258466550686
91281825128341590274187900637433445849654166965628975603112847613741697725629
81002270837794825501009486830476544589001519574039721295814966233745460938099
88022418334854333399640489123167289811197495519887483947126279560305076798264
79302614044212027259179265741585714926178058129504617586227222955361465732267
69720176521447270580661060870424351948860672634267385838331808916512658787470
7184885569530717682632735572076173271780590567745426086573051353499161406681
97248726937315668881850901877887960017320275885838792519133672755316453343604
30715506935484938625423688824530445219263492860297036427024677999293011687457
67854241672364564679945974255107430217336192188932796073665994072852978876931
40181434454226972816732812484331887642598086321536036824047784494037769951731
100091161681207064107033513463883464985290905599732148900829918202880206337141
34883570372112187803076318960803788407527462440100639384368425827608689677435
104331270927884212338155828563122159821776166886213552748768092471659317225820
51521813969584020386859690568591309171491679969459368901477923977683051580044
49005393958704561373925527925632992498136192978975741603552315612940521948780
86911129037669896875210884503469337376364559523030919025325433255355878473168
104186488164283089142627907949681373753243125537444818304125792301776782987155
70411074598226524540705627199309276753032013564035900904678527617587292754364
56660433395327324915030003689916755929108667798526185317522257058681970776298
89379445385881887080337379746238543054166615370642747339848192521924598711501
105758940761429233482738046697539007821710832990206551950210829611668842824003
79256206130477644192645667429544887686924611908332741976548178226182111442896
5663721344975004823437943434083329323709817863722744184260693652028118836234
79050100270120439799358590425455426917960824979404123483669819250250309121716
19057249101607814699799194712434131079766476901646896785904184181476705801906
54430886403477490819568598867479907441728332890208805420075136211763992841343
91597592950661747402067581006273470373672704032682303735941292237653111071921
59385383910965529966208564885938307741662111992115437313577932027971484738414
69951463456289962672445619556863524310666501584854665824338772828974935518887
49929938096277402426294393538181639321958896619095713657539337133899860197948
77695769389820949677052434119890179536808665737372698061473646527854506910246
15976102380307386383884164795452245377174032921785479722620128178019624069030
113850826372185395250342529085589451009920835423517075508889145804684662955299
83856822933148925723440134448081641260096822266938010918729905804135125624682
49508989120805805766122666478041349002522122363836788640879527033915195794595
106704855561519632347869844795530764070634536277794227957627076093213489439212
30170245003280897721479944743400566895760591202877719655560769987228655730620
43141905134626136677318256951939099848969640176355225786874282363165940689820
38991677197267336134348704579396077076970355482571917450165810727031439185220
89606167789382859625066860799983608155918743011611791432735451773139886408529
25052874252960713683080407219484491806830989001632991962118259204935647537268
75235325517345555106826332601667499256349058358898239014213648095442411150597
9847297212673111866513147129620405415510936435869405191140781346614257440709
76593662286744782708442622438088916282406410926630854366580654905180857070971
71931105011496200021914550203757684854351641640330748068992321619800369443608
80447449884986204064507549226250315802628153793160149404582703420898554802273
93583896258094308293457190758632950184726288882001724104032384676065889789304
102593167148567979656128955971169338278726379209902197023448375868028211366755
50993925019594209041594763283705413576665313075909241338377301449803491745901
41128608295796758037961055045751698481372885670588471712264809895122238002160
60617466615413661352268092590082908601422566938365972604787124420127658521513
22106386507121400511765565967549596885592000307655723687302708986011064810622
63758729026806355010096083198978626061871138388975466518296594293600878727777
40685282908306386327170489084270373229817469486885643187149619973404883017220
29739073130759950357452456331244282001369691330170138808098984740979838454432
98978439259760819439331461826955441490234848828216748940960062666674486765121
85533970302430510909906173220968180778292919984122653640394812497846639342877
25250173517748601243351243492807092933965244428749891843872263006441800361602
97387876900095772226750827527418585984286220808934211909931925662302103961693
112719870170120825997748502877989880276011060016522491075433269251943316253932
111527844034030388297914011354302956524742212118536678768614185313739853840998
53340970009300910732979421911692081638091302489094435931054418830325570923151
30793775646801334205863148574514159987005401930426559797335019357785010427069
64542725574245649610909346887097662254082802608388848004900352152979331775400
60964656418604019827482799234551212328807179398649041967297719050242309931765
66325602158332681182699316000954608642632329537443576170165279131782389296689
26369971669335397006773708259156507441508239948742098450972919587245090371673
47346794655050415668028963649961086287410242879246111540957318864719435812222
30392750163551146538811354866177754727555871656528050750820976760120290046918
98992140107090844292717611230315873500261744242464345228197221830680208316380
36302779107213527157932465535763798244033070211758403748872245191865833092100
99627006304104689984562882492743485251018916983337532521068569102303408572772
113887841071655803727424129816595330907892988561790528529853235001007177390918
43312943231584354139779253610677833221226429065305268466608451461179687068861
38029766609420134930231648517985936308752319578190232385842979609145440397356
102762153841875036525284073008164570688947595544233532340315247711568356791854
21879118461284640017639005964877435049805816194129048603824772330940548863623
60371187943739660322677849870071551896876650308700930886963799649248684402524
27578573419837677339974844222219741687578595466163047612112666357032672148485
98362439232447884157087695183896077943912588337009636430329463441101117720188
55442305179813898568881565243623659903846529536577745468547595268342711838333
108486329690963670442077772368263947598728336806514508243424092621393180905406
69326959717517243395330818624232718498357623799291773114004330118871913529514
79267343689644371243381415383336172875788740019620157447393810905884812496076
75792024621464469998367611225227040944959628810888974484802921155624454153643
13486153900359710700770870544367288028882762961828319888314959083195359554905
70522456695457496971204486608796397292742831356381055406910740777298173993701
51066747781258532123722631917393231053560551827261138044022825978674422947123
77802295786586816895394502991087281451495524828806511192249754488146615732708
82404452427604765968024809099080396888371014853478302156844375266615450448387
56563914317487480922243781351663614476432837596948072256760563178249999884191
7921202817185831747256159703825603275830021483421303259031303210461655800901
108209936194981744342118232862939295191381357575567128576161602111728775843017
39003972062564895966800694534963185464928930348570173637142538487939439003408
114343715059199009125196274647204048811094260553680933641732761949922452129675
83180733056968703384322977604922320215800787212587196551150517039477572584236
78934582483217530657462918728071682055968955521258508038155050998344598608322
35388364821674358403791083234229983170011456708660899728701782169642088794536
40925729355898474496740786365627822201807670553355385266398053270210598026129
113327074499483931704984104270456894396357800619061939970979335653395018457980
49556179608624991725290635196391431314046176086943013491598821447551384220655
11887511967175754426229262400460747573385812812229016159515037711044912624664
110006755350966009509458949303501170993896963073586208632756668537076978319520
14605725219463682015540114158698107493782969214840265429348584355664048279469
23611578204714894087966033864001208528820853357351489086974295938247651066543
109837776638055463286182372369817940380993740211775908061991399486361584405492
14742700392207765609345953034669425587381345501319877123672581685207378957207
82131096344617830863115535439062048639506366597355547451608525510340166659008
114979698584537689803482971873409138589302805580325937731253494582899576455719
92928564124963368432330774594204671384262256326733466666422551216945921173019
70080761701476142506666166474896343062531659676044551487913677578546117913945
7348104645684114253907343297364257501909194778382699460568373383056290467508
53898073906725092505668064663637369060741294935137225303899158057010589852334
3091114189611246823177816399916773031973229473895323803170510923412433244542
57218087208248318470354380919593975199806163328613147457549751937779372260443
113415624398493722743156014795681974410391524196509955712112434715215961253959
22514806481911168747684751727578074652046650246591124754628660301875470350757
98060746921385063835849063528804092833796143970360694773467639596390199328768
