2576966541482026903401343343075805694698171270659961696409558871676708454400
86137123651507783319916705104748502426685113701188749374321011110574408335360
68144472199793918752207855994200751717707608965490228137639721289533454548992
1748256110684231532504463779282339184727177449679197447410421269087988306487
2795967766492099614767012258014882423744790428090164376133914470794053431541
2624957449362527910063016272085691509553687240038567203650166527485955073323
1990169638770933413225991498173593346412850145456995450286257817091826455675
583998172586448042925601773213504065465499868595320016112540382318092129705
1112788025215577154943958221775275795522435032463680450175795395125111016913
461434534191127009650375089175138232196138433321249058033527995604584336081
2034160862838173250219645255045908071061719030664464974053255010122714158880
2074314839392795715001306438903048432065752329177436094268818908545203099935
2797365407841404560105338119353902289413071708595863704521667172451281324979
1217521342103493593013455736658349121684685119519387948661115541614646039517
2694551166214788340521180160555257521141860742914199068530709805139852533939
360410782126806917938610515946730061614851723159900277129633757278034496879
164196324064965393239039658021505442654548037216499755682741571339084865043
1129556678242813773717982838103064252960318922874760405071947944932857269804
3045572458853802257430506389324844541957286136915114035427838021715974265320
378135517679649255714397465227061441590629392855645515686434476271085073685
719776352025269054272934999841535710931141375646828498561472619545756048927
845532423174332380708589654136361155358723488410011284023540419155545837112
2082379992120970202157719309026416942506744883898088931643607578852123196975
2889010369562216529403499290557419095114175948363529435005723288226339259787
136933756854093479257212953900538370825720146399910627530425014336148277055
2423902237564282128832496181849381843082879681130387094649226785574332030891
1798427727754830250110976426356852062866673114312013000303387353931970400365
2800385698197951435215981202130316964349203297824081636118461985950059779100
2024881905807959654891072252138793748944885409397291213280047285206133174572
3338756211388107159531171335467086051816470937880844300070553174221820247064
319152003158746360256780356044865357842577790948964875261848472395910827183
125576054863799630641237907840567251592871134670202491428228958739504585446
607233679030778493049118418310056284701815781639224665499977388199958919156
2422129777260367107505384566718102958793336673463567619658517021583358474653
3142556897096882754180004993761491360892841099515341165025091109158827961227
2448090441010356369343891960098485520210096964105761793522732235898159589880
510487141510397957418507430518445863934106648113542830233007330527616590215
1086685964622050125329328691238037500237606565588287461915440871977581246687
795587120478293921221961644633020545822756818257099663595523045701044392577
384484095311446451106045702652815322611202105699743534849325121058162092814
2077579790319056684274638955579436439378315100019264823349921513705904271040
1720258076139620951142216910892095097430888127522711883112118959226515429432
816492099596238823161770837695117552791820812925062897943814638132041801148
1413906106668073114936130936514518617739081110213239208908592522617681315911
69063948750673442377761973614621760222693317728190618694145601782438839658
547779270839137296428498393485643821032399597414143278033374592033677018632
1772548664636606292478513811798786468319535431396458225575972504698981597459
1793061076383234732064305549917745516657731827136142691951051633332222248163
2077300355627734501066147605431246614933022409728872851218522776455113422071
1333895229120340690505130811899717714975521979471219214913932771841564870735
1890786189610974988923115707926097809148828564006486445142417981003977281385
2730078199930657889934286060669357540021319726780069655608646104818296702027
519607621435459177611885327456276221713401350483562573436754628612960720626
2425923726874228228786674394120349846577729791979562989723086000459416692810
468667301410134909085163629764888741715558883643908416542256495900255386425
1345703923402792240047163520940468673110581544629214528287756692190395152344
2964465185288372363106071296432459965979756577282524408444490165989201479722
2619365988699016223983323933814603640073072809731734920496463025135536166338
1527930277530275394203615294250829226096292270847781042832457438040805695537
1474569079417776684961824609045669585925072102946716812099942823970710446728
974144838432647061445465032280795165821095825195159425367885293465928255614
1351535907383312438134778083049080219823479799957178027222160910239946711685
1898778046188970994979653834448108457381671563964069071308925491460854607308
2881038501332580564971755544223154889692124567779127162473943451392492727761
480204812547800513565838913922637155284666495381085569240313856145746715596
1685847004454363433698774199499979302671421113848329251266578648583144048222
642706679079641665979521926417974605210741866016948149133405672372107706068
2023423939785266784427393805609654564339158980880225942501310533151349537793
2394059068675970452874698098806689572783669239351282134066022851094543700993
3155783551103258708011748601525811153789465681007121913816947511973879083292
609029091339313542185525042416559748619578607057524583978494963867493054718
3392027859082998002808369760249048623162588349294290077687922101568795023646
3501084729081154641534293323654841239078734104226618589849681975262841511650
405606896778515105105854071830418399465666624605192056048820222058149138357
2115076331622303568578584668888708262564789861489667844305491176912371147921
475089658270583709458054660131466249902762101377971359876817484802934170271
2788262138035089876421650013907398707801818558650805456238852943188533254174
2956369255603614509192941078429740053154236652395465411799571184746484265668
2080214525910842388954346753526088508457625242468215060710611883469769813363
3549852466430189209502905262415270499268721884582109658153563722384656847000
2358100581906807632630754294360730839505287318399564337844265900929577952341
2697119968292873709388261991694815461156240878007803011888857298819574489872
1639117701616125130171620844308243652386201143551732640631847587069182910293
88968834840168180137945811461366248699405573217981828353387838714253169020
2287855425814190122754617010603045482862630624436314703885980299573073688415
2239611630476072929338863071985479387648442425110913536397237877168796467231
1128948678648955729114924214956589835052568996698229590637769965148363579032
2608349142179228137605092123046885410024435559376805768277475605725156619092
407226679797800281707485394640307376995580693679684774739226660038043522969
2587430660658739519453692856805534673300772223542145280940502979612516350719
3381003114609660078548713087595170097086092463188703582994236203832073003679
1564514979233325564116974019992597787373114950903219524500076509475400387839
2505809795574589460436656191484525503621428999433447911498390032948009547136
1336590043427155662173022806965159089611485159413188140623731936499251602022
1262005487021087120682594964714973907076449150676535447462400272245232420391
2377849738704464884354532797753743448302170620458063637844881719218592158633
324895686314610695745395703218725001876837247630252929334788808370255402075
1420679846706904020608771870735699847869724372195561536945409138825898343856
1069773469623800679624570480612272846882108916120492461569231918640743107495
2472375513298699397458524867859765756568592845914644117123682345882223569676
1645856167484068785117190619990449738587283740920275396387076505396406117214
1843058482574800245809691314937533603845883614629011348732312349481923003525
1956796165031308884711282798366601678749524410901680158359068441686572208600
2027956686113430180833323873505453965543005858503491316287497533341656300167
1605407128195289642723171008617103701619473132000994700618964219256303998641
987592618955559931796784971425311243424873259601661891907536817612534296779
1220776803382510551814360860667940271486853363406093881827399538178362310450
3610689227106230139691519624235400826515337717491129502913755128633737833392
2960858574488186060322389108144137441002263115366586709344082255654903107058
2744629760632712554387038218854183670622817966358058461292868322325119716432
1213219643191757377115365719993706265964937995023837337163829461261562247638
585106973294478903663524957748109439612431950693949200100444913178147304323
2600795136959161758021429468660594741065975942376067965400840994332877774868
512776814023241379060924549661844908172765576109716083144569941979268698499
651267105105387248421832617403955280040770676729139633629615002605987964707
383884602687972609803635313524656849635456967884538325511333077642200714630
155635857453594365591608242123834711552312640441898402470249677776695990651
2868870678986593585799466305908147905441697552628536300499085084932998483644
1833422830716536319619125946001306880182533485602685228336865045404771744996
1981949780132219624046766378742319267766871129227828815996692220005197336574
2969401401806985466342792696003995785769374228532813648562450908623187577888
166016009274822773535715858435346909395346201280927029754785952178889116183
737058434496523829955739083621097596796569446029420893089434315871866176625
72051162127593277284984560190788456751366970483397487562607063137885382198
2372324691362868443541808635804956182436192450115936698115387564963980053295
3013208095776159649734980558725400045600532860978479999814229132737023015416
683707378565593527116177885913445001630573996283326599653981890987018349009
1823205386252386430335671252917965431710143071493069818813651272341121703353
2090193916517343644731811778948919626978717450813877464765546228931861723346
877547231024043216832445164941297629598963611399261382502907514055886904587
735939261050544896324887175906212734446807040007557944182814435750787354774
1145505381272921276550109202231233585710093638814233791943331398057109408774
724588567753987387496497402620557574608724597425683536127561462112091207006
1694100186629540230158907153641158000807266067454433174105612532553188713070
3235710284977046779438625844867512819749503563554979570940410682593362395994
2543027090683513572771776159104908903282236064206949736421684706178293512318
1907093697880796940658026699427875243923227513381221588326336336890224080997
1361664063143795231026257145265304809346254508975590272674331878301837276885
18132978259746599796685427194209750450643474822236884045735751081714159452160
43157613262704780408346753849863947109758049610293841289097595227471502901248
28832361184457781734281466178428946839441691700364762204688036416927337283584
6564986027487003004485290379708868958047130295958271081296743399867505704960
94650052979917116772833226550343728207784342260002635390974495043405794508800
28628228555377433947562194329300687465823062802343823861592963824519416381440
80774303151462846650035504277797304241635870189044805691878865816957900292096
1954921943925009546004006997039167141226117417467209813241113736831588954447
1478498385354369558046424661928589375494063195398694047437416766897567291154
104372709430121425109141568160634434247182694421303812575556694746117427714
3342839370151811921650406668882392990576541513012346925397782709439789454498
1620164735131225843472901547634235469823501292461277679708935484316452917114
3161317229597140376711904499045891659727771414369321017627971125442223263446
922557231019945586822118958678698425805078375720899639010025189018483912871
2558188705193880600077734964475400175749050762800242682491328483415289403231
3590757152262142231346333286202588652216205038539731044329519895196486366777
3153101677960710147714674381526749425298435676782506700359091288781635351907
1335545942287055691914749691013922505381139114155583905470796923912607173271
2896742623042574849277619874283029040949791048517041117907523764140319723447
1336775118802610788731837081931463495631087474099824230837972377165362251873
1351611771941324150747636999358625830614315225131494900166537511763541012076
774547708061700493424737052190587232469170476613814909956110086132124838937
1573732958768100493794556987450522102123046643988739271485306198864680957288
2512063736297691187764910966730046550678601829024961469952436956071986571136
2717538061218402147860231755824322471016837276129793360745595590923128428042
2552761135084358303420283047187847430288088104446928452329738196770076589581
616501270116718324450596470653276559335947289003550586010222351225783637544
784718253081188744373894315336623686773278405907760001004501208489783868937
294946922182408963640224479325494962019114068333281853085525224832860769006
1100452447890600894457254687352203558017483377977299869616932298981254361086
2614585526063165957086766718353795765677872485110066727514598957351918952549
1470671417877803986150082247326688825527098184824099898708680306886187766643
261260352472894846673201324119916434266250599632679104613236610249500538772
958891818092883298907772178490364912008095355672706019099314394573051982123
1439674010345188322516329082984210195530503360362326847668397480010010180830
2048188748938468055366180628755613761157397639561465603976533909137990828315
2876080445195738844474795086526665271462650413921908051513900777336941571356
1909486678756023893227918921575107210929678140681362383191067059743966238304
951506461979661151224758625869046294643427893846884246168404755954054621321
3572443272342715706108027312796405274584879836378360881826687112664633027342
552095044849011405150419455984364567079278959406587258760805338843159188060
331393854331569187306939181313784502179577237178947356270635617769432742742
1740606950115904481678849580140170493688448833039089423458896635839983651853
3608242169545729016454847535689249554816762252469981005787165403983335194651
3001326135549095024123115961340004220206427908305301735433248743147930125110
2270064174083216493960789961957247615343356613336659225919600349096266371954
1005874277424592632884079166285326525124305280034727971296074812325510456168
3349528652815927869327221766304044676576985499213991501994245423819360140331
502706615749177700611389636165275005192983956283971203351266020896259189580
2887656967006822637110169730851944622314605135445143295683801639288574236193
2718388064609753218080066273609605169407703399441844601115378968693982522286
1924207761015308928032126242695639083128918990164437796181661083895650240903
3062239739642356413338201553319107964780766497736640365417108547263289728880
1543658085117863327615590002145871451694717475302209617419009613959431797411
594518805303561336639551269754315259516954441979364713473381112504345678764
663657775885232331267561820773642204580028162841531363534526487931408317525
421584707780345125268602446071319928189154094645842281499683711811096175954
1057945304175482580569878656672178201383242376201864304795310783651038923323
127455006650547415073064530829744854976271932502077001269695294980259229549
805286397342750121923850971114330137621408643858529622202397990327788369057
3039081251728972908870266675835477632523683379070233839744033151894401220852
2401086272334057019140424849127946416651138596080490894800516272579732139175
1940011567292530525415351606252754834176783593083450438147108357690913155768
972586839460617118212467651797334404318434800329193351365832617799198547330
3073285663120922466794919871980750535028032379104469357093867591000276413495
1222057637750488788294067981895730661756640000172503101373005532343793957258
3577155645427044469771108844592608700525986320327879170224253986529740059838
3269422886254342634529253633315029376391283942892530567463900482797567930867
2919272666216240380662091225375898214638905424704585119543931778910578141665
3154972273471738807776919284706281204632596047573336882158479574794878571882
641908335930195939919444227349195783528517116559704021273657569664727024002
26336905552545472117706312003775045252602052896791993949681560329849
112550682482652989821254750651424439969977818314179358250862872126740766226593
77282686702759692583335808187610025238137315781410831195260696128515124635940
91260081029381527294616532804949139020258984321155384908095717293299434215458
9345537077217115801653722205391324906685520610471083678346063371806370120842
90991602309684713679897429142990259990042490623914228244796055043530636916163
71584378338469263214804798532387688222702942874015709235973299355678038211593
9883911519876121750926064984170647840304052330114665070839730983412963722765
41007717089428822293387075643126867427361243426829540812066377386887153387237
35832943495405814461775680805847562473205970630402466614577510584681717769122
9321637314968873966133916959592973430774009437634037115872754285303650972247
5470799002378590110894659213751652794234313268756739560834018310386313587357
72650087780028405164222429714333826888165301286875204968339551343965966042356
53152132498370243926220542840159249151452410136162361556506940590286441097638
7605172732505738781840646244836786950173530749988555334126968449996617072908
99567221541386768845077818534070251928210038677842156001484305520382380680337
97392306436156767515873734204891702661248247133269024036471874345397391029852
29786424193352007485837023407290000431299030312974394549543987291578378572032
104349746803016429300546688247557256053572271190383561477232214005306922500961
50855860875268965926589775166251822908151000676638522576835789103417144556545
93128589816039235034703247773516900109702240317761617006716504680663299732149
12296738381748001927687197471498492512611078026001305716294419928577520572020
108463944716225582540835179643894382454972595692736056772605200663430608096843
92429897527014172559569297044390112487983944674304634753736858374036788357628
43092094627790636986464853111841594996969131131206544339372824074505546182693
51123843583349332383228805586502544129351251466645256707670726119474399317303
21306954746690894727338842978406620270903384132888667370497882796435144049818
75853311261371663190506962439310488622170524916288197958692457175595342821623
37130324551026361872347466490518539052509177132553710784581739567682982955146
40228610591486718185808206913417444926699952886098121520833694367153820283641
75919642401541685282455699567998306133529378720896785180030905681714921762519
27702045133101612267097864187348619334219071515796014890058208441185644713591
37695538128117046594665100322611903269811016360410159711059298455868642424227
99551210430078984342833772816882908256420295249818404665661535406062939896388
8740010490081396332928267379311263727283511991646430126666709767394926840057
87108199594626485443237178268937578172214718522177774624631132821465426132342
110066444531867755631051550092465155919308505360314920551070037339494386393359
82616417155001310378281376397194118073598492908402247988023631906268148576728
35090331861721074035003604216525306734941541394411997176822848474040339742137
64918754346843955718917750236541937642564188796381274688761910076678062339249
44450369699362264704140551555980678734044366345545512798535852185674211307097
56783535595639492003403365474879831838843106240613538517605736746122691828274
98892694229598687547287174536241661916306949648265286100912430108414834519438
110309997600068498369837214270194416213860871403059681228134990929199061168302
14676292348696759524329914996966827409210745547902400379913415571963226366873
66539914411757823420967047518513491318756256574887655659488331452749271640381
113121290952984138165603528089638709793326164351120657169868362146888752037575
46926986590226562503817327700750567343796105978921918047472109119827375237790
51884888360096930210078175387639278937511234076446064540064679669672755161852
104687785901389711130390044479816648965255467951913241714562160835774022196564
1378646561806018851742623574390848794725310680411989728161496231005903697203
85664620675262979651641973779261790772613787961051705984333082797400250343416
27468899773398149240659376108411821499095200323259045522958633493378949192347
54887996560407782338087795521869271712050165832757716163973651785305014574504
50411073348509513113473982193483673026046753103856987506417671045454741122644
65270181144595924619833749393780408781389334002849302098475188190801114519256
80203685862486059438347306840739912100097455142585188071582665436135377397358
62527334169594019765738083255372456837493161478869895855018060466433042187227
69880016080697751889844132825768325634375532820160486728697474526205924695719
68009556712705531058331525414857741269543491779820835852562052096426468529667
81011632364092443802240270541727497941319808844838151051148436885626930361839
50921995503352077584498510969692917276542608575013982069858462742022006654844
92488713437145161918975034343083125057100110943957706357793955515785773359636
43481735688520964876817727203056356253588554149409575876222513501787402039764
103030929758688509321722006811302706885269234050930699518201966828777943744477
113637144810684273134127475268716807072462889615763515597843224020369307466626
3970419997499822017932131850121207448841506368760536225320634324680004191694
58494019734079786306625911186638051353377057787710208695861602561158921246947
91138644986474813822916652019821696895949787570166956971936114104087374213408
51900175663621091291409597029911455928045231396267333691622849876004376035223
64734757094765663059089618734748083883342449924598665241709095092417309098188
107924870143838452947655483652884200477079291156576655128233304867789361003060
46138996933114880191248258811783945540224484361137422945312234320199900204275
87395563116076643944063136708785626413938789093677214321647639935273160025871
90428306613451528033853535752477373317475122219552225562035444611613810954745
9866655896306198682336068357384806368450422391547431815098779806578877067418
47402703790160603260834800498897343574886851309521346518366458094310797191906
110889828140593295607689666908608687233593923306662125193589298879680262341254
66074267500340258269467991279084715512740784893625094138684485679403050358907
49674804840974991447256384896822915389844393336323960282195231399991312290758
91176750329449065953357867227102703353297957739420115805176933394125181818264
70563423976466758187934745675870341817659102500470818721123458764113164866519
4056698892100108331178389051187617530139172283344315072863210773247208997725
49874112583002009080971621364756503948949891973329160275250411362494443288547
10403004238691755682863432126138363544819692411341284621714120977140280074578
107458038710358424120960249130884775451602278882346768334991913407316858675696
97468647232816882914397425100677299269090445458134652041636725935599232431219
102773470005507616929721070903202355866895801166598096007442898858202246697505
92991011254338795262532011765113946320838369292131457037281133534763732705757
70258114148434572160325075498767866870793194241749083664027997264940200585912
43878484699800776377898295219874411380081036636345849990371784302228812706327
88701036624372760451808378379999868937178066715522842839532900805462914149813
14941783017521788563444899210803605746654769929358541734584084557993827203536
31168482675597685787435724535479303411367011708807103396948965902966406180635
56283848721940387177669859194047663816296975127369949567049094551574014612508
60856143721889494844677402578620687973288742902995650801880238977794574850152
87363746021613070797724847377267100931205114845581076132533551328832912510378
8035665820532930805230750213634393669591739941443989291558195467889001410856
3660687947688978106975184427600989991491280224453682896298708045354315596604
36836333375008973551492853635780736171865455874970653629995103582931779321868
87170250389296536994828357058886233405332593235383503886250548433294365318803
101309910022624202252954457034982673771897255755854223115812335696905548848192
85114537501234506745196338463787194805286672227510583440134231088454441145734
80235021763664151094978876281480855359551929292995694298268648727946904788920
51840907641324460268320486049112961431977863643980291719915265134352537605335
74074569745309550465314113568507377793499247571432800271385488675865295295533
110566480312120668855564998061128466064033504315106172470986134058374642340478
48601406506946020826018476277874269306370081805366000009048960953643587529547
109810575224601628781772937226000479264945867890500191886781121941714611476404
62923147758360379655374072202934764452966280974388189065663120203134432044554
19899121212080508539310117171956853943623238821893749542902392098639522416110
84737933718167654872047409753850725110357430731527677514633083989096868247289
35275386779212783554313687069264895836706838979186705222358075105111775803949
38578479431504339089601303820910095170064607968673283957554176138329480195881
21189681862888588270565896595588980508375213905829130499158980338740532372730
111242277694210702283712942084023617523964984211208607001745830629363473803965
101130356798441345563708839101609002517244845509453978748623792902623054726456
114981411681894534223694823238014434668676291336754897904902798948521913987456
2514045006155673496801848847018200973345483810578642913050844692028016921493
98127722147954504768036111667992807987680924808661075442181130779811507715714
102141256760755942664193752931126451300354244381347523268034476609530645158458
76126501615054822809352441129299158755645822707023360674879568685468187186201
13600992119138157053916247632291116104443533284305164470078516539846107277603
64434385193522605170286354837521740452718010247496921288870406464616565093190
104526910485905602520886112301729925170823949254034368662683470140231258587404
94084052878970766718128037029966667173945959965188799274490263254536611749168
103500089171611360109879338392231043300205535624396705446231064620509053022850
68483513164787439494242809597834776024009544403015821814358948751941427369822
110226190123138561262901217474312318015560613123010363499259999556781302068090
16416676522354127754718680403105202036882681524236237886085729183172082078079
32901835515409291597227981805301787516093514555805844013816171492241907352380
47540136552693826271914451508709538013422130938028036572394646560265810132906
25619481754217575677333316951920000330961079812375659320280283151969009224848
115727490748608854580814870861650706501540071781420796445407357259960156285397
58790118197476125750105095047715571893738091293227964918410316316466315056654
28615984616688720741565697118836617390384528245219923345229323604835597906865
19087310158453155718275741920598336058073832479749599857700914166306414757703
105345972985144640146554774319088736228604712650128717946778902861154059391302
115675672263114922678192734611551482345069070743976143230935658457702731720617
16335405759342978919390303858028584887000080835942057928285117259187801514155
108214276280344360181688430639568609288553048211068163366006762963242128175565
85696450323614765458124097732019131221722499002210720576736310617450589569191
21928431049556069207904682255343625347723981440388357169210777877380036906755
2248372652464536719859826762441984948556419267872524921946274508623870684357
114933263955726374919022190536552162308936655553424982247852849589159510297767
95489480612067802220416171979058184892547579007239363192954447427326550357408
23781275462073927318186492281934936037160869693260661196479695856443647833366
56756853897594450571806296787416283474021433238925273995109156414526149686279
72042282638162440881431111603230593888831788433107447859731152196168553448358
110024821879183997860681074831716628519485541107880020391785977373478949233867
73633026117073486387371107827968026943953999264192758631713671788256143333770
34692826112750238975432809835972760620310219351207414349014329676299485537311
86527050961639683308713114813725887083524511113520533682616599302071109626051
108114424820021125788636942474133098883366828531513841126701645491261171933302
114131007083970162084527485711631164001195401329218305093547999374933600359398
85663203188801771745507521238539530617724929165366321181404074710761922382128
113710033143861185758901700046573369292199750490779537744267054491932661271536
78225935908030729556869805027613756482048795321604369429218418517866341363693
21177370890209175969080047256754270058896170492758332129306036745885128203594
38509420753622853549308297255266536467091836205852255143481111528502522413735
42185118831560575216633144795157950023117831479437741234647963543581103415650
81027267754564452436456559685569416913856156505488896603476278422587697632298
10418622528840190848722858672579955515407136014575006379373772879883203306684
8693452160536765274073088355794524220387103884596183567214470504168078870230
64103308783163662292090226380175012325310738821168635579083519307553040458697
91388691234528791949471156234085180003236405336985403547424848093469248620856
60903285553290316304911116410532043095292451214859055123403878007362199838867
20736569859076514747685477671347591623360365580205036068419785266196270936297
110567742757730864158576194618590442030622870435779858669147292323706552454030
62080612347719112940399933532419641411350416935493034334474048155385421487895
49180723981974881393239699947888620449336169321191499291139846255813490648984
80306208901543917663893550607827115241137444254897991955770755033516492928254
34316050842098783067387989596567617703575791580127514581881556622508660041349
85369406996903823513797680140645829716662714100791459356219665429829060430361
108750050859113296707261457996872147832759577715373319287568333287113326193241
31412907747098376297638929181946114082046145998750070536250967196523348382500
1732946059143298480217762209237920348695790591070828990065210283506921357092
41167012063282815974310552900015627112953207714179748885044500412165019245377
43196757551770269871241363956449187327497143711163738551947799808742528337404
92558855896024436939984026403392154070842376946076564309492795027556559317055
23176083328853110723339817046356536173556992882946777352843336243075705247252
9510571417736517952899748191242643094084118748805521682112992868495879185050
18316419277349804452002149696931125091566541707452041558256334114762014981746
92202951373578394223553141230795212624626440632148802147309281722737808996428
28520936696891455587617869814117562506768183949254451344359964571261536301265
662986940613203961041535350119933877141010865749691264112249347796174528305
63833372762955531670691368742705584754972883160491591727458598021193388710784
29686540032789998897845523506562016275016580340076421990264267646227519646873
38627200655281566330290133106063931317401351542365164267152605186602475862882
102525180924262491578113182186160832587830480308574572114641037969693271202105
34482838671248498467722832424736971242456224906928298498213106614827969464079
20400056261128092437367247043123289284975033591772919076647228587844225894091
5075476693505714991460221465421839519126115015713657871884490191570575913621
53927682021031859110097098733939157371343072340850040840334311285626895721435
57130672843313229662027833784911262260338486919787104261283907983636676359651
73785213049898631781139488304021258059439602669313926804013042678027622245490
59984078320091193966943925209605132739696175063762448770038853844964116540297
90091277529509746629456129897354700772114339207496271410380675640882817163677
9578959063138505911812457287737305073402111764976879949392709695630202146742
109087981430148816205596280123507988926485821976199947202508636915504454358602
19019129740007234534925043558643224382171072243865325164678027712684375820782
52501452003862348758588115358405260008555880530837851449994837716389128393204
81245213171762569007090691321750451901004407443507819674313802486966697052043
12988037165566567228349759828414945900569047338164505465345895177522008217497
113384482790424725642162101326632394495341453180417279111202132771734382577253
42656515812532768965110868021015812002721816187827456308955812068856078076799
85650084356652516434323149516285754983855761784180598345183568177009115724568
53492802987667741198951705954887627642070959284142115753736688869557848374485
43275601622694341642135642343166105102858931030025379983002835813043790739470
312810050085333015568742599281886433003898317872041112606496313596119322367
72717363408136662447244040136148467030594718546523859165752155345489714434303
108658770277725835811923398244743247546642078136658499619456402625573486452161
34825301698047088070340819777400376987698323358194237256224271253579553530810
62119776607712573785017402628153701512717448461378328664343806492309596744258
74903750577865929568481822518334086924892687671067700186570623045342713048982
25109219013125832077358924021519666757422923211493051683193367916082346489108
86012624941268665096832043642602300069376893977415042317285981755354233219293
108001994267505983216154839242057027767004778324849490041588870420760873731367
55085896700962758262268962627326718041573423293609904101724983780764490884974
83595278264530091996186386559721702629083660313248121538662472984806762540676
74989697112715771007310584956034657617731657858637664967237482847865052989581
48758318883312273249026772583054145291288037584290581740146178786218378521763
7328848522462391095217493183382519902454076737075138176287189583321741928391
69025668674530764974089229389423882807927614825896368750459095221512603971569
85705269784727365974226072643482442048100078730381353163501354135404386836672
76884241701909557093316566139085900561730237319605425119572816842099075395708
77603424480375959753722166462240421171883170096266575625324387578960768741866
103451503085926223778549624430998957554582798365835015286755307054183289073980
62635970125919921919157567226772458321942925343581768831212384901660981657403
51745493253386411120016236785130398546474566900992374503433535362550562983150
31658698435427283426043440985814652762728310446612031384767160721741851118527
48664792297604682627177270999742225011028349418396967741943640109783700217503
26954229220780788186621314675740313360723347507048132834761857324044242281961
76835172391937536302658657649561058050186289235285314104501889653661632143239
55190481355160278492198619861771335823880040291003933137792276605431741302906
100693563535133595426144608287167358720569878893879867601671444982807981936893
40061967748537237842802004836407158493743344147001048133735696245718702894449
65995464549570653583534406450812995283725067641154433450950203581354526503531
95040141676290802562415648723654791182102343439635803648137359696058422251153
82022703321017140502705645327653489072170982318105797164380988980121372424996
53690978597866345064563297486779344081968696386059867108750602355696509432808
57523314955621651968651542846426108644542415467927082472580392855827357636032
57165925210063142876836244737536495550789662570521683005177177823518598698312
7662444634475647439799420036459844729321283023328208079337388996607090870053
19914859382173247258184730034496687049455180755413982238764211118634238818089
86550429224231064841333830038286356930369927419749842815974973978438361603879
54326585231030474175162935246537897164680353905204500839199656957985781972992
