28351554064554736902181775418173311401422329168030639050781719221929552904192
110678968768871325300208389600922444180302767392703835772987435377781274312704
27117639792131433249393059283901771780512292080569819632638021213502731976704
2118830401945565096975838299573447001860473595474311643985637511430990764603
2175243037825613413672181041248660349628533330423895033816162040543757804891
340737935676464139505520835444205748718011462957781967779485373982094944036
2137694710572851503626608969183874401416622982359220544334447152794538551123
3181685411547780375406741798190385548454757353581025610240823837172632715356
1914367613184055883336984147583162913401496047537906504740520021043075638466
1643441272118691223716669204995997212209246359465464639459064624146630655833
3043030503247575072366597380388327990050665877318313478802881201140423284107
565702267303198468416187164469704327427994932787566503798977851271342087829
3502169210959426516413798015457472860832092530874389179245590260562806432415
353516865153036688765694959179675795397925513596396536591401166363163920540
85823167122005852731253124198639900128142396472777508989984207804379410993
2287578581923429744922843325497287961773785595412235854102064413755630441417
1290771419721635187791879430446506429851250064584375543151876473098111935245
2813028868552384302898936095186598397922359699794728094788733400677450275030
3487799996816854425328839251873062145831049120937006549214703399802225852954
883082452608188674670815691498851454663603976125228078386492486835314582015
1239775306126175663061633996687236016752274872061441916087499591925500512323
451472458541412870000318641752329114224096879344750407446283586845943993019
367799163933406407980560263542180939686953398884803457133515827665390607426
2512947053919081080817703257894037756367457135204958216211572752633253618803
390780738189987299211193372491230703062397418994458808812379590724442893377
963841733452713811454289099144685172302459386007653146343917640571759347418
2031053397581927943620104480756476756862277266630118104801765301261802112840
567499168151373676833520737823578623956084743636909925698560950948921892008
2450243988729830484224833177523232069755157712748285445590736418017992108276
3105094044055820993044367091984029784882697720010810145778433459495586996786
1830156937245191852469486515305685459380648419892599005778166781568235790168
970854525954117933168095868815268686174378666235649671439168469546471199563
1214690615654317084847705971686637230343220935767380363152935644710392718840
671859203277798325122772162778316298714015021420542342642116225355157567217
1674770908000228618956150101201281295173499134761763672385138667773346057053
372618848935575396641573625339587399428422923333651326370705506878067864375
3251762558977997756411163358214872095346345089664706848281086094903177461861
3343730698085718026923135312291261410475474335217796438882423428970761127914
2986058235945320309891072131080486703605902531867935163146566852877593410136
2508694389184613789062136507516692667882646780444585265973508414299986407014
2320919492197967804015879481166495105959686122040342876293526651614477517761
3371258590399964267126656036080546840791992427786427990021017654251573971193
876141719166363713731909532365696997983620861613397508355797797907957366465
51496274541365019040504551661161690916856585432500803736670498229194422340
1374780509389599730757471629009140947866133366333186697127564228016115006257
2718190026158978209317843031186579809108699721513593775298384755529345898707
1533802872842774259365144257224925921153927172168627711251461928596513153260
781212703319116949941094279978699744660039377813978015987258014835230159159
1261567055057900283734750068291623130371035672391305949596771557648955737103
2204365867748850221167844307601880849658461470192425430127673621601327599797
948943114161268232472478741758630577009185970663797949705849872005162311548
3108388598212178344703200540762736002899373151890671104285253292013008711877
407601965720726714416734669955604192771124444538506964241777476187271601199
378322157513027973128107568976602540665442605163784732450888085459890449489
1790669316010907300923687546212729647790085142499968128408614671293594759961
3432279899305516603061244052300505671114936954014943498526144942325344687592
767043990216699742076195294144976270224844147274363309703891408655473919958
396241233451140714977112797074608006353834762108777518765728772854858167660
2770100987842949382777907387660446881772894822593175529743954453667358629497
1218364085619363246434712068604690407342345830944762964928424205290616529294
3477062198696635463602443782946872458782958219975463312938810576110130637110
2124042610949474167536063713394329003560688845309983391324037478187564559947
1491435066104855873510362933657620341429362740845154009550805629083390114048
642615308585074648545427520034769931726567002165608264221860380565301430532
599622968229008743330496894384445776040781565909393015753262439440197958476
182395712471623955912101487153559584934283804502813742461487286498794935875
1494232840633820209903851549644555791196043016998813043043876218242237079473
2117100284220784618851233644934587076608054712024452502759081879287878305967
3426432459627304570618672595596034623842737454178893919583708183025919444968
804007158916091041713173349909918184336541777922906695367527176851631843563
531353820274629426377863328101885677972264059087916929172453209181395327008
1718268969354105128196369971129892648613343762426713321731704907601185984767
2816982421211413210954943651837393327883576620179859294026276549995098528764
2180521751782605351739046108258156249204813917674165457583777378265276916512
834987226578412616565040144797830741304528686410433028830139727443771094381
216222599967665573637154453392446712740576265188710401949306310367404030412
148352449326028040629564958715348447779077593854818489373780410958178708745
1886285235091465726018145687985924422546627141892949783845593553094640298067
2050473031528544197236881059275767940257369904881939199831085932151977311289
2360438316136932422634133096184919420616178146755318047813619770493079774953
58611213364117504234358423896257639811771160636758418524653415978825928897
1890948776131739725002580749286766537430696147292732336886507656627522867673
2182313740751601052135592556138709937754795777218156066675176576646551223963
3049495657549266733037732839265722082247080939193973052364553548585073563844
200111276174160503496297578825996432652268985878156062436857553288874297542
280072471750238550398925558689521364670068680654533507839460467240868061904
1842677552962849454223601441472352235420513313838745787027162087942896037628
1247459378077644735432977185288957359750644178323848823413462019022402464177
8565514961699205225373323030617613870800114221805991686735714067195572581
1262602799786197976302980902345445515290820919686233030167438821945596354082
3513795245596730017167434216784682542474746308099463591829843380615939178684
1060217829816462569715093966811802905106236773893701499421058139539840492174
1852593808292933263687489283937886791507305661818500890103356502776139096998
1322842985613107239843759172606495251477185518663191606307990721788491600971
3321574914194985322598830347306727653575097340341479166447223813287916377260
2005113569119396483534319313837888792608994560945429203345411983674109220584
1996591425638460295813127806644465107805154333656121807518417086181931021151
413667667063408195170659129399600372289894964076801745421438660260070558803
3076918222842728809245597668238065397237429259042330714665693957343081641642
1679609112826879836399721691280386230121107223371601304126444455191261294011
3606389423572166667742975716093524294839116499750808062495846481874829821826
2401787651356199717468765418322845995538652404686177572235542079323833986738
569751414822883594307139913921579305463788644787017167168791044825578871432
2508425675670409198260614151197880284799375100913820278568187063938436393080
973738154188908452658288816877785132032197710318300819966432373026129203742
910484886200442681063556637999689109373160732674718435341471807389633103468
506739017958244780047526378591683824345785476243656282818931228153322791
1146232299290183607017573811706491283684432979461904519967609213689006832532
2996664728762680851337299310155348936018945582277043991647445593633127277230
1733848800102761063193524786938311097652463368037597891333228553526389941963
382210526574254276521710307376003107355275813764243220911776829774623704720
675088014220411641342885689707893839675364220411345750017191406976384909873
3326489557230538185017200101751095938192594155376590172890457498473785772850
1803051823320237090366764003384495223359712814670700780544491611405821470666
2415228143553095662691094053156045270497913510537130226386652730715018555594
1544521521351979035181046362429931096110602317043801525973649112946616486613
2489556804591101286866973164837494761129687903319009528613136347772918836656
673352608499284905437564315203216033046989123729948766383716172939090951733
613003961494106243929392212220057456240115511257151999606263596406856172967
3615858246837621911443903934983680633314286822108937227055603475665151910396
429909778511089755612473918044182822525811702101594559416594592208231422064
1074811184596669791535843164508283193821215550501067630012162635308078716117
2603438737562359561546849981543590119921653890196128675404473516932338880596
2744553993593939852375964778520011137015668406259349602125023662038020108052
2316445970348325664201714908595851477884576304594054480940235707467912813096
1846063129051022591542685222360844600556516113115933578017861363299482467942
2246996068958684259234807053277342655105322151475569538786050093214394063230
1459422053430320895052789004583206772427038877629744575579394980779670311394
1155267632488105376010979604079581185219461405254132611522484242296811434333
1040161590083152566593095395772236531206971866493575312224241350835126269212
2892579777496959869395637826194435568383303698608684736397101829770268537042
1307420640768830348538147331100423114116871056647260671324020709047597789230
307096887451747453115906667966841700066697732846197366326938110751550996479
1439007043992135715091163069633943230458432513620212725584290619261965492201
2526101954523034711099536955692849062182724909049430004194016437131136915874
2785517959795490584440165116382113933066722696239870191599106022367578862261
1687104145682682447173793752521059034447781233813654053074971552134066162026
1178543047541546174095262317301310408623878045170860048215919037146286941733
55826185190221689010112245292597628033463065013620288106929152687432232075264
97313604715088677971866175390909723060356303127393656494718169717953943044096
45774719010014993154902222642309683873300801398909090945554532614724281958400
81704008488332779541602780381728117663393373946245203896013120206694762151936
103347676740340370451455657854373553377983167725714563022030432440791664164864
86315327289429054042254489701091378730831699167093580230375000018146182561792
23803888156141228409604832406511716081104301124001065073692674333948445196288
2469444948898978935408453960634884079446338633093361927079216480877398775562
941134992569676062097662388417613994768142673278739475804991051818903737057
1220747813661574052308280613928125274975975297474673050147429594287129345051
2351316567882679816874357335670604639470707642207019362023228562604485148780
2695550220014016861158058923498326340384782002035288003452983163840287198042
1527232690679780728677129689040127888183357419400566469052967689228612039227
2032583706831347507141374452419585638179012807865884929446592747072646189491
683760241233012165843063644766192043062418035994264544884085903259926144551
2220569253270412555330599127970613740664597807984272717573829027590566284206
2107581094173325424758562904499413930386233452806852153019674944065074648715
1850739794957329833013877846496872259062886569186480932851127691940394506648
709650357931199478376187256494748747909079352080168651020413499569032696435
1059655896850020826013698293091345044197679773657099276382530717189198287482
1632807313989958315387370265159725390707803335950440872988950159654058286709
3338444207612100041201848108269856011239768783508439107479833951723865686164
1185076893234769141731555172979467794516068523860631134306230658851142517362
1427587144664236298980612284131542364838971465699666454200406277714717855034
1442712782222983859842550864419370496014582606417620447071640715917831394034
2059885413355087748334174215439927426824372682975044112577289219123124635095
2932675965481519079759169508801661226561342802649400348458358014515362512487
2789675934733813253938484597855050614894983939180928803480530441381863059672
3445323454334396335986384549640909322324988548862320783907343549403013740308
2825213994020146411565894949932815717755112827837409413140296111181332368539
498665024820602777651192023670748701142786592981600499292550374355004741104
2445341581688591616643920810061914763610816075146004431923970777991331054801
2187805016173583298179910156989937738075097866591443757962064868746692335268
1681461388791885126041089036261634553836298202447906906908493276080891313011
1811907683442314577094058829035791348258763494271479650218386226570422839110
895765691168127233907462318245827222374320001753637469908951189645421619867
2111461843391869542565595896842723842430615093285042955124188671561220252768
2625103980497793617916605349367761534035634611086038721276755333226434024449
2564645217204891858438416943912605496452570824552818752733695824609114865884
2430219210438205110226579664887512172081573829939652807311519148896334034580
1683043000531280859682294122362703146642533432937165207503982951855610495485
1759020946510616449374919110146345443324802449691627687887274909706242888397
286147830816913330212782996270182202305712644736035431059537965837407619218
575739438278918212358390732685414760266956549112130930320611659582748779310
334677675759699554276540526038417251519236213751760097988755264283032372057
3361975321716609300520330305636716862062160432402132120107361923739259582904
294439227019901492764324870601062791369788273225029689195322683162118815880
1793703363084709402826483112890151216045954402915175825148565526017434419410
2550952444976588546593987163405069227712632970014283743270409772668074343747
405484220493084814173450900414793773154643670143524215213785859907229584367
3496116244802754321671690276105888058453252079400608194856462182781917812900
496813430735603030870882728807245790506647339359870657205034980273349710887
3247018672820859956851071494442889832767043682276982603918258408119218262676
1045759969412512626032786280575538215400391334832034005754225447534976254248
477441829358405838133905797758499663785066337559265312458787239063632824442
1609836426517564347045018640784904736056197608982020216984768920190480075562
3118988168738731421866584027985545033886638980498854607433379812539572253586
3391145417208340687392100540080549359424579631585949604070646252570707319990
529872748445347301020030167279553909471399936826466116863537531760014875360
2250038440552737086189557450995623926206896123078960710173916357240560473538
13010340965697400032652427564498262412227512844688856978590220655046325420
129803532222414419490734299269874659086536194359370007457425925347448927454
2224766939325837746524600479717506759554784810997639400586501400265044717316
350777371182986689710940609977957139664733234113695513807341701225428953770
2017081910896799371564389868611167934033595301856783830646430626604362376193
1617773617816184886409113059488652240997470586687747242191130522887563873234
398440619925128751548930111218323273710961556852087551807944677131176860731
2738382498265837090081254703587657788291110390923574824437743382755378310171
2674937985997878906864178039801703620979169952046100681008011361919087387564
280486367816211123533507214653340278640437230391179447459520065822145429999
2502923729762877914667995375830057165463798874159654234362329746756851737091
70669837166030999582197213875679075086188102542011134099814900585576
36896386226807180154175127530122121774649283919280036755541809368517480571282
4170709215688904742483443686762049691649224195239411433361811050711417709908
30517298374075348212411008573654035427419380470912140060623023822839919855945
81547362313608246791239101019233009551382439327167212172198888629145320551638
82452785691741397064844006885200086142334388083055190907209365479974398293103
24548389430021532350100370707795144769042956642638055388920431801421203021995
80247540368749295157527479818199902904988975723349500279174232177007634141673
91004262334364295453870696837496243527294096078159951136027711042136469255340
79462375826333473244138732756000001267923876983196655554110565263746807352856
32799175734626632530380602188142228970726232537761159845930480520722741358444
28442018528530193398706782646228917170760763206477464938067147333919775493373
55768805046713735328648304187229893811672900646186490425213784662697823162449
2450383565693874631276637614220597046590512069811640439668416699014176191552
93653957806831012197560562339883737472199230614439569520612787704699348759865
71718062850548852891254093859330794215155706839828717531124278884231089167345
68655602731253764822938339194462852530325367498061970073079972462770168008069
39588134554289965875690448083665749666229576487661071099573952313840527291991
38651823230149042582099206050588393252640033586477687976932674580139441761581
68639094069734836866871368671373780071224968075326388233016948521636944940152
87895337067601695910765675554227978481481513371933670337615256714395105664477
105250855849717013925305583235763157228090796385783889349066774927630140281853
111129786404180637343749718115862823215708562606816225118571536751014694650624
3914971260137906853093558502313864193905813703796774527817718849658605837847
66873435611602599921050378443380075254923575887787919191141630704028457089250
81620677404312235909150469446884819278387819286192234898280198817731463818062
14892908318351905028124877192817476414078906664544182156565927015812803335991
32331762098592111914850204401680778389062364187614077459580239826693564291069
12052212377822335165566458784030009510405200931708134395019799915651251271402
112705258355819762214419293686351046714296439112828555545170456135663764033027
26871186926077989404455386377945993172833349049955593763450859885082166510687
4811706055046704613467324935906197152823291992311174265900089286414902646301
8302021784357634009073723702267773433706058934686706904941762451441263723802
98657156143333078554453917114782238312993081102989131334339775717730992654475
77605500971343277881037428189257037903819071748743025714287108516475336725327
1528657891452746414496370545329712884498292712796251544873782353109871047540
4505042845099925158832433476504828282530295778189242537931496364997582419391
17726986952760912683677496201223499670145681746606017435281696754411380554357
50699839364358569372785328922175188168830510455987792633867773014517712637208
69070234669176244429046513548847456174996406224262251112869292512175296134993
24708897683886801901487560605205187726316001149636984198238476152710428554015
102063256750835118246042230951815203026547916245061689959077975591236985970153
38238844657363665601033117331587362052322136109432495020615666521070434596803
88541500467480228936848324718068583449318902682755960050666628252278822630412
81558071724577027684285335774216008101484080792640100684709878463182293096341
103664859597858585774054892361077338406620945137567580459289552760756621365823
17679239113402943895384151297684347948276636172792649741861898693953643954904
55343939698564877960430169117819448297593415744816110603329864578083777974991
15721960812887817676709630728176257419581654591357012038588382495192359885115
40390208476839772132731960196822202803327995371986609926947478748522573227588
81662025735564567231485069937938313112149594579952443487775626285915449477166
28790871702339845165146173512705227834058513918779696532634250029405371969684
86441414516088482993860132989999939541786379358268816426822946355531528515862
63175958073517557104613884321432308483986320294482108253967176373391277027148
19949048459249444953742312470946700191296653012004152184550410753713493003308
113412445160656492464764919898762576136961676012515836458948754203359259491407
41729079576427361360130006620508884915053688784480294914935694694298055464818
72776215115293609223834672983020938050687758509139396191397562193317772854126
48031225553969537151952168279221559157231838249827665721717329472162213180882
77117709299788600335248726670793548083971899783675428959589348288204312912518
8988630016902518706604461741404645561761948983981739089675012053184141662403
75847260716058366196819472949662322958962892540110406639886650467615037260471
88268076484233172156867055485894089379916647168153212054769290247119503514938
773244820943258767780893196187037039636204996167351200389612455731425784483
102171173046688799139444573193003807913691982964849967662332515093822746509445
62310857195857217437653650334906819664589242712816580447433175619344064817657
6906345399144406926936122729818720257165867255318212799167232616487610002138
85182228006886341285528824355743156286861284077737233584258305390985070536484
23942780327191345959545278790679481758604095150694975799299774600651401733053
30058534074766444274432380672455370999522397608759913172264610540979085886876
108177257795460212133673072231747706677496804809663715672054540852298338509262
60748544276611399261811205877250119511072992988686396611375811992226642465098
24115031589256610314565592252646269403728529686283984741418324930281544286058
102507023373016506517714849264450197168559031392752733543260690962519997280874
100554352766792038806046160855005480562034023388561960471495079527058961484294
106207243752029665530262596777000169603829327837777209095712853531622025067071
48935996644394835086235242397077455404565043124122420839344515959398541486294
27675273385012016204309506853924696512665847229835516623313981962940002586152
35822176393953414461079051363736558587962077842460997965711981124011206075142
84658939867701625580485812397294651411321074063750916334404838500989308430180
78402838318935217761778309764521855042863804530779679318715403930548137669648
36732202646139790932287915748711733260351247212689708651504453721400982261479
95856759842254092808872046847100513094205051723996288234057562552376456396209
12702975264393945957018001326910668903984989851528217547902827582094974582732
9355529162096406821647739989319701384429670734375145808465180715756675545086
93648370490408601948208496134516823028391647739874777332566844451685607186319
106224194293204862761101230732955225133625626527457858537043289016073172363780
89110263698775627645954253311851916526324963707746465258726963873694593849857
109440800879858227416342359654548457532954459229462343941528692183498805348514
24613618234685083269450602275905156378923809258724847309521890002988446968789
32220712922987229910077288490531340795849300305345737558982395659029300060104
54776369183510034616242263055820427719134702454561035186725647636595383718408
62513082108080774989845731165710710616379424127785889970148378377224276253034
108284106027527576537128608145814840812184537037586949289814538322487241532563
70406896785690731990836185665920445254151580312832729860315263059403617727849
110700751633123427978671814034819405967876979261709221792711779480844681267501
86559772273721428074861470440127591968936870041336921118577736575454294048244
43755106347810597346479970078109700024652133684082778949025285972650329462454
16931128881951099208872287856966113496468224654552650767196239969223414789586
57562491217289738461903551485761619709105623832704296245205050195452745833759
85667392477043325982562273026611596115395355914893863002947127624259530444772
74530717214093361049456722316968642084558943042619005692417099761025577016558
68945276219469437645265195491970566336781616314183003861538897090710566576537
40663838215505499139885632688279728882343995978797974054217553149262932373993
47472635980696140003156462680366734563831120230603534820973974200458028013552
99608181835336874499621572430637522274002338599285608921995818635015992512123
53008059462480165015047915555975720676265241933300937376511369844257772280815
18502089170705945596695935789207778038964337029667588200027406314135831165560
56501200002697289538295776710097661447782402255937353097494442827868160365120
52922900608807354152520403997153981807463024496447394491329851068762931430489
68912812990988450372560211548504369936747127789814519657802745952627202085423
97366885936541353219366104475738594570827429374552272718416457525362535614205
94691225645099707972163752482720517950866820281586211559078563779610789362029
103479612577343141953945658783967893516031447931615285284986160838915531732201
94902515733889627109839884468748901965848226016477761847509435510939184452941
32654684994515936141077003864050614439181745344269444931128519193736988716433
47589854762893898733381809268576783344598041280520434763515976902552749161292
94972300799634762689279564696144056206405758101370363090236550000707559541323
78528935753240441170645873850315202519880700687131964220877005813344395088138
90564737124987245383915702891887090952169458806002869813293278059810156647851
43363318348603230617504239716652491042152667683143183858064509473246672746089
41417393801688693498430983014875742868243875814788401003069057140926097725107
56331902875397038900055550151376517357777223636848983552087212106612092147389
42161724460598925984847005545643178276334685442419943358883573878699473918136
45238220083600192425596446003657261209992550391599810940502093027969235052021
42444768810835133324049839068913428942549463478249689082926079985876326616625
93141328343310872529716432942645258942278027685321504259263483433740993451716
87817737930145200761034756981610552244245586544898762970852228621909419910979
45236608784670634286809058083982145673423179914530867328461986955228877511500
76986265899631180992131773189863713377730271949034257475190675318521936140637
7048113018202331209993520264618134087978433162619677829967216270715624952929
92019836385615938720949884971584662420074093883387718713382066175953734828255
94264451726814263641177453325304609250401478445929303576723386243480308338927
107167971747919768351364556789732574031893074311051678056184229832860188174933
40998273536382891555512512422821831981368310419047031534561759896881607121135
106260789387476006358872216080311768703059687390634510079779088505016769214002
6757003041723813693580826879619085185972048720184813237604308193027991789359
38930197712057395424181525748221421789558431900737078131081947929120645089089
81941996822223556916195862732433500810181638221327965829758131906236040792358
27118092517489319903831257928216490547672406514315593291320066677217716650797
8479522817433874344029915063589722568313768234475980364043749569385219019318
19423586600080209670205275834891728790909446722425081087969150838593522938332
87547322041363274926566577778616957626386171438499963244070778519591541198930
114751398820547483637439311443061265206581098649123468065348639452849827413534
77211813802095146586076102457754410226352830965844194500639231810981180315001
72622588224905743901000356017338905935000937628719782465447581408833777495927
24784471308197753959043723285307823361201318014452296328184738630132551052422
112946406738444771881919312226199039400069521040631607048166185917782024470088
99024155817676918580052291643124972881536409205707870927080320632215000688479
69548352610775081044974635838120237281498325194499168410075047123999992800835
21879176646551799304023225648166494960201423901879855390401112322420177742718
73396007500879549078119538258992659503380635257315092879454224239493453683855
86539753536643720068919878014827279902724268283909293879767847417975380107591
35497605798962875584449107505245787801854802096462389189415511225544098498870
79094935156631610934890246318979191374216130179459831458162424710335842670151
102482020915594778150494560863755389215808724479108028403183826950381967844919
93224968495168402984302042350662203237842193577534288432079625009120003871361
83116441030060583489567041629529866425751985292177965563310139591284855591787
48544083490163168260323624877540091202654048436462158673051023054817420334813
81532442988218319548460684173252099385946211005024286975126965326655498953379
29912462403905181151340288941114827480861433312391694359872770088239394021198
94560961714715290612692636799912135746791048393691744579906063727978358374177
60573779791995721142280167926634907173136616802414533700389830804657148224039
100526199830035751780027169870888774049330752672316693840952141441721354846296
49654550051428178007390873359391696251611094153644898514507687390230501319083
55056606061521190343897992036898513904003162619101586225945813660941589575213
100037375369674836667065616037873570974715146644097093445437905620444442937796
74509354962415355334427536448019562678857005591353918298504558536733909958365
113010889835253329826417153011613702805844428451344312296837806080838306343493
23168740893448085132356375902573811119816432768661402087395271885612167543856
112673943622845448353677487731004102976428146968612711282481971134507718967649
35118098494374725664997080990841197173446236267038222300107909034561562424409
46766257935780000284225426230551763283973142368313989223024910354141984594930
1324579977355988493329955995725742315442540020816700380214186422840888901415
83393155046410626552734359863369992990307729347095553082019766444335414700165
16287117615391731749108568057748206645077419817619188290223046180914999705992
93725224236013227716968153562873889849270553738532586544603472693500715760848
51626145217908565453652619132287211924685426212605389605236216962026767287965
106151125385487342634406354450129169951791350472912462380816978322250593985357
78554167647217600607836866935704485544645719670394833278877816126406464277189
42495699141530555059661426383541693847827694674239357807305394302658794901696
85594671375421113405460376686329796213489641480555849590445169507334083122772
41961185091739973612791267975237509831994273619763581359312070384823834803983
83745915587265171644371137344154534476495587110331024295070028242060021374550
2246738382797356947690475699968711610330267179497016355951269535406902963689
103489867965975354549727325032858086378831993536827974554747561383244757974484
106668972864749018429839631177695362150188455710887011178521389308255998797516
64031065818940214279922571231673118367448127739732473249888251320415047036735
95355227698338914141311594294646433641433956774086820420634507460401028755566
42955596248629451289559064894193141929109888033192315462217191609617000288359
115344728709502235768605545561306437942930195521291004274927568818838983820528
44444438893344980085978430173426292968631458216241453783143840579693057626502
108256190817731107137539181890570274702537417256302371956314336369431932494878
37088556394253479844646731325752987224673367985708960849280468004944833824310
90923530263254786384658286082356326094738191416082370649979708788975956452920
75755547036710257602609039119862164499388343870166142899016177780240469261322
34715648215982562644182806857096177978000958077427078578169378058263495933359
62707340893097300970762859618692773027139928093732035069975971967072836613570
14652134959623692892806902786153873359378152623816097548975976722466823552385
60711637973084659412617486225675946466070495288158200356849152243082217730637
72575392228452203002319939228075280601413710034315336844580522561453519161157
28331195317340646725239686453264507276046706095701573633529276451544674569995
56682764953447678822528745572110881659260995160029719166423020836958783330821
98990476705648416380942749309612578738765627129912349407939791676044220212842
22832324677174947413903948313204950859240069524248901026404850569203132144416
59428888378287697164275382389763662881030249675434919445096005499971391861643
104906328520228797861884890154949324084825590587648558293922513703791088275855
78129021135081455635289207251072727629134047057709885065060672277604763851234
32210756918433460090321417766474469510051653816720541803232946460670495467148
94214758950090891646960255955551884951815856338238810375674385481071815053401
35406691318114832505148428873623397627757707042322556666755297503928590476434
114329924867589464478192261661852725318792762582282367723366508312455871194722
85629262266261550080026095335402795499370455012809590574005136323822550539934
25691539600746264475689864749793851647789165786902537667434038300364159930347
59928485615193301531654334995556727631443569326582688278933965275548129243520
36197141969973932806166945891242357533284087539515921953358867272294718121552
29416336233683350096451116374420518053360380675148636348502749949622837701653
59904272329228697066840138623711578602863960508458801244705664753370097904765
22122089822964964129167778138445287143207382841040717563374746435540199723191
37460175176308540524716998317531343046538066451961244167166317112270944264445
109967864884254733722083792051864280957651628776225803539766327059522600962485
50353889361997451411854113744260816757522397227708230678868090548072714609400
113872062250836660079525561207716583157279472300135532567466190165116604243399
1896851923435962517829694983080874259898994262834634162387094476538652896694
35795273186856446488999626772480308740194302293436030343771394075667584864137
103393029202374869294977475921166139127278980832088302868999678038367427653112
15435859765204806614858366063670154852156787085257516986130897392941592816224
108555137000075751091566932454535859510994468470676556702470751024493119322379
52311530564737342748331094810975241244865410025681886798955762840693796877234
51931510338843169486283908751190846481842797377403654538763194978319835071481
1068734008263641649408786090856242367701880357218064434762857837049919583157
114836285078516503236411684283929592222691631373554684389527681255170255365381
54953945878128509502505223041805284046967184870533075333742656701017245483617
91305098095569609921259126316141427744196976049596186512883559833767170310585
86153139536564958803124059250377926897688879846020945641066071001057994882488
19306370124088546455541981856660114334458737896194026594050625600655151398667
20002493435289559955853446353320441357892158145023689883922239639094028590170
86839078569550602914630820078700437900983582797573227784312050860894679156287
69886907575391999135741454906386114189913257117811954019904293801790303865013
90309231407301799006745073579032751033732221025905220334289806029149380058779
46100151798199645482908087286035070836249849533118573453794005757271344891175
51480896565306089083491564728413612961236425886647142300091642427112173915597
39162173384879529639749455764259634360241425263335123081762335824368433963139
2726991822891895956172250155440815370892420076048427237787627867751697546056
81277222210699881430887981583824518606362103020682636021923274443362224098929
91811150456412184719824180116147052945831366191046926737131171161282942280007
91332618764065746912005282088665494445338246442811538315198552175348411269120
