75690019546269241344161674628240569981766093028385152800373365902711801774080
4747907680039572702670055682504911271689148225200356951493011170717023076352
71232299098920784468192186006447191059415039036755491873999059558202343424000
2923640716825382473334279148115719731081339424115713448698438495264028713200
1586364945450707912774409524621209147243067440934938378480281631128709219219
2288137903517433254400569259955447986254233375944872623265343077161098246974
1258257178173910783643798398169580426437039938380022424255644597092058726994
2451228381466689314591877138806060948637207887687425516244758358913071774186
2872496574766221176304680799806349894307800509402105213848004257805250231128
1932908778778162479617270479653198563118432324554378896408998252188073680530
2921155819564504236490049157664511334417927064622249377887461403275755907419
1614521625273688217268530446007414453319443312457912803817350792652313651480
1860784172699900047521366522450619724247641426756341558218177327719215963525
3201081567595843762463374626829523506736802161391110548128034387583525083150
3525012976020758645156065690936001134986466726281011047703972259294911570086
1452430981993685655952774283150863266265050643487586505480598936431714398025
1406562820758335339171743347162047627545085171211388078543460078008253793717
1716363136188375464510353121236703141654361869715833934443417506959726301333
1624643289995933866934743021446628277269761316556048327458216447916614877319
60092135172487973748197495399521664488267984196541068085866207835129601924
1781687840702636982886022730618883553938300765190141129931557037701143101588
1819999289637064949845261720369545342477377077096097376607607871652142261266
112522850073005888470525415840998857398989848649176068552906844942350585222
3092978780907289722776258373349998271752380327191021530078845095543253517537
566062390191886370966486604958352571199976988801118544939400762413096677529
2893630531596446394120404883981702991333071054881373962343256348598893805005
2586101717331571410038208068189623891401135295517023579541501446138182110357
1087863121048113712075190512586638762772711516064451533861436415324594670182
1752221118666614842811315653694819628689980932495960025570060703318291984823
236429266974141200326410823912996696143572244185624641015632942412802999590
797349510762141855015037095220249819855276253939853678398670486159860270799
2560418659887351095754303046882836669152586426181702022118348623996059936877
1398828336357445473359944570952539701315233561402774654989791735180415820383
67025838592835673023833034057020114827292597428712520389433141926199815188
781104081012288906624787831699115120695391225484577215555531912089314610618
2961496964088031464396789935717815337150078317987138488634813951413311645695
2040222360503930933317818351623006102673013731709994015642451925836983029838
2691668701005784835153041363706594661840755064583044783595477273657191442159
193973706197492489306628974275646126734141481401122641416793980338203166483
594260485697586347384106891050844744848722223318606287643970448902593196028
2379075948489393239274464096064896981882349116765508003088373250606018915678
1779026282080100904730683849065581142858700899662767510048347534239665201121
164751238523871640404794444534517134088904579132667457984947607736389387404
1738423776920178338487357340174663400252418139892522252710885350676932962013
2071338883238106003305451666450719121710317904721693171521072304681196491706
204812426645625278559369022838985364710492466243984146370546790241664540740
2148399700510640424036989383916790561691076605454161451117630006923360127069
667905916622650519823119789662897902519120748811793157294647250303138150155
1625772263108484575405116587638816725332007915154871126204532529703308556606
2403551438084270133224951686336805437887712622714028229092647250507607020006
1318684684082700161358603255716508089604192944803113697671089107407855676357
2082724815148326272976138719595114969771691239448789176070781176846432509478
2611866929972259262430674040553994019637107599269470131702386786258169135415
3467965275116114480547725070150664777866026391958686605296438709123789720985
3099678957515256505154633659161373503788841686016263021179538108576857169302
3114898089469973693900768638166428761478169603846498180820640726262933012780
299741664330403018940482252245354347998684710465840801020237501599398427590
1635523918174521396254128919680738279753843762735292944169210305236751955105
3374963418253301872353280229354197431515067594347179826986643510568395948082
211171809367244270143259675181963353914195898404260891188694913295220990015
1288318593244507611203466447325664841733336168029575871610988063323316683261
3577702820741926635999664312427373802660259693191127429836785385270982620888
2663062831862472868843791812882698767326268411739336661785956103564946051100
1504755075502246623641545738208583075513371370184305023398249033074451202697
1371087357550423913180356036628514001699535690601103666924655250916267382891
2749789043196878818218553756351332394965717851903094662721095515925764019730
2201221657318007443110534928191619513258562738539107736777269695813838707497
92583125958508928529186313071536743511966365988339029613508782515928708003
2172603232289094103278223764983565695782426173374412060241832931719377767958
1771895039004766855099680014272335782665788158875666283721777523676116864350
2572333812298546255618753335109850949592075099807776079829071732370784338264
1258597164299417799544122310172201134261481424754727395367947914687246989278
2814750214652559917987894019804348029795390384152210606597960900584586999340
162455202183132135809202114135328622681489122916529870230740979719563238499
2777318963695732864248549428900623387694808345029380647078406191182229757990
1794045181394229068590727996909129831171248633143262128290850504558627035770
1801721877796969517096224562704224612910546979048282946714299500079466115266
765388546444286721096206403328998276309603293432581166921131501714730396682
2162224927935077370421457947173083009198221999632631737155735027340297579560
1159621819814127310165239505312700044986416414518204577308130400674088355872
252170284262079456978737631027634596026561079402146351463616390585223469491
363608739381534481217587287436525347412163765126242375047866819299169256367
220723504391517149141653615438036537920846743416319462901137018900219069189
2194126827906212158680401644433280201775591271903660577273465405395001554687
1581606982118892417761033738684879138752597657808529154890860774385203010919
520718748731131144199279461248584290470958975121354442331681523453042752392
2947172604491359803605011258730780684734329353648464538250471612496487433929
3085673948340111342961450632818837241563541458978723006839574243373163576656
978040346208726274255365768622656197671125903229311504750170822804257314113
1226062113594100538328020449389552027365832053039009819036260994160373141543
3364008328369812482495521575950186247850897842793511222187419025513428397120
2238001631573940188577989619152075005360204858732599490287200221951766794199
1858085781608751744689801884106165806841287930822808938073333609052768696728
2293737135715671098495385859220622429527650828902383752736943159561921909553
1292248776454230554448252119171325076546448583701076515409048246624079763549
2801517521391413360889754878612329279195413047847746925610170418380475560637
1211433222615076993279229719513127392635465028129780271356213711831970043460
1721847220457037811599682220128333972459966328988546631868035354071430268344
2042366388854656489344364829681000305109739248968654844375803799805806004505
2924153531954157685885264299073147088760668385878786657894932183893131919004
1207953718183686296637965703493142722992838962896737733458877871236523092286
3480832148959168933605631218879390208711284133533005284285711768800078474856
828753350483983452619899713805241475333221184160074150157460884430798536358
3249906766187888749062253130166675216897643837148192451377445854761933329799
3082086568718300155234026755855517422472049616887287123773766064284350204659
1735387276025346902352101588418245852026562222856779433485215859867936810014
2455368512002348510802891209757180403538586075084077502285456354429912865885
2981523054201317404996937866751408138705039059310776182808954519322540125022
1302664351452109679581436141281395166092617419944534375330951572443202134256
399192715385860092547241870306283289242514579971945101612584228098974386277
157229183579886487904174248179750683159622778381122234160117640235947440289
1235575331420949979537831598058089741402948910202708674624149266068481830866
2255856422767310863997383543402880478085241421882404302096332442421529108018
3222814719898686636943287061481697450638364026060033579297144004392637675205
625098570145066307977113420962098579016794803878601356043704415306317773051
2164759188299627113512106658092762096365108768062085104873870935210426719131
164544947398275954442145497081157514932989354231398252735204363519676803285
907141134511272720638584995201716664730249214269873500384118679625927687234
3500241470572809706094174399571278028740604305028540084803040341779567888982
1818811851982860687687019304747217634303355234126311294416529482612100801460
1291944171468228626293728736443434045818949838214560460899996161937464843258
3464631757828881648089673745121921180306088444905080368335707927797600089467
96753369466146210303098478448359792394133801384054966415321980516097625314
1475235037472472006415367783499310202673938141662315525368270117878655231319
2156625049816710880643400115225318683469747287287011944801564219456169830222
1233209038625291594669528761182673267654291864440712426215805983378359721522
1342466656217917560459876297062405009333937096498407976208308601480445413726
984447856835293241919988169832219472284465122189555688953301254656501485137
2384489831596209984875364167113167043943698487975377471065381912607392614734
2272104200117442170539192568413025103967107016747448661735180189346807108611
308387383992332355264052433059275135445921810383800941858890437777723678886
2802183460765097665953317372478883228757406526857257665049554205725138097665
574289644013262225234282014636963621835353207914160388535499953527102381729
3189267660870200269779802721436830157676773837003610436829062043900661009948
1591853694608401644366438290493878832186372738643616329661708222770865317135
1140447849354202724995300861383645138945687553414558611687496890437081850572
877464764661294356182056697932182630281063248102428697924164021783060802450
240453121049787121786040948509613176970900691774257839623883309045149845020
68517421275816324452921647758246108489058071549421859413394262975153296113664
73591872220322166124274464630657674696774009353701918906076097812286207426560
70235107635436569612142334595610014087447881207071417676094801116598710042624
31705257087717847599264569290984903128471912663314385573120222730367373672448
101120168666836375918545270487143127425547371839536285847479447809329761091584
97228368366209159190547996441316975096291373100583832596213306997497028149248
31187791286397347531239338587300960995037314998646325079930083890133884469248
1178269594442509581183179904456147825933175906546445763095617957199685491167
2387430488470397613127814071745838273914188633520838453352806277043612940889
1145628634328853513198514964737209550326620206654201176120213229971361963196
264034375795708538992649565625204951587175075509459942272686975713405308532
2601201406829291869415572134428558671585490276997445712492246665126337463385
1475708402712712047884800049156626380794596814394606549326157315533080914334
2651912044803975804911748661718145883803762365956686395559304180186479643054
2942887954493592217666191743393432670023716318234751191853806577523778577116
2180446325426717969744546485713785445352347119669786064766930650748486715609
2465489143062646577184469406435613489547574345032079844498891120608608793718
2417114946326014109277227710727409898783110349901060684060013485509516563110
1502339343721967070153437522738508782349217498819232942926565792197216181507
1003853049654832134349712962561443632774054778976977988145082668096628522158
1709925949015330759179311038008211838941079103226419619190445394204747720435
3316927684514323712235474968176922364313682197945227961597721008885290588881
3220108593115689717814183872780741804808773902300884965897985836222384005650
1294851732419755723612611770658175149093447211435357119293995726293586672988
1729539157796599278700490361867079183485722483230141704579649863245049176811
2624220891074178889886565985679862315135379174813911409313338393489286616982
722386501430371422694498640359359891808166948667708006371839749260889043755
2066192631290582156861579660811753052139394679900938473356927358897942435326
1517966733624554644817438417345642656783226633949472611630226190428565090986
2107816482735994308611484124639877880621476174472432374289831279982552721304
3552500003255149178792077835936742529118752742955676825584897170994020039198
1838226809163582727705396511577227082245335279397993206892435521606113114602
1916539420026510061326521272693772621160953544975061441539053253998389501276
751736194056695961408184072551865567608524561630256630819873436227342151631
351930334568712699513417532812000909107421732439855456526998296770803970066
344074219470541077679600109237794608517317580910264206280939352925052538201
1006571096749958926295949791604976141810659521302935954611398833846184943289
3467964719202331803534989753132787651419984719984588872154220382706157948810
1569858273892625809625758590611220583421591549669992603618999089596206692729
1952062708660513618252893336598809304190542493518756700821698199834888002280
181016612109068129763328871093334392592797629336221029940473954607896718172
2748155198151565004468964310794664160259752792411296318977229380146156166570
3513292560662834625863259122635589329899492551961925180042748020953219651932
2091779411973027736832652327596624469867452392812446383755388652720947438700
627352885604321580625194076444186709394790960584139336015159542154585007131
2763420645336455788405250477246743457140797292665230101086586926215085592367
733450018667196833757145010738069041579435464903284036999099680462637404248
593734725905475759548054802336023856635113363600980626281763175982525922705
2684416759359984017445796760591660351758082783547590354048933346623207309657
3273339211996985936056501216013993345854025948682571477481857950731750251390
3333174630111563187087044603746510699283760396642807231171983670465995325248
2170526430891967790180118503251293394984615097517757361225253079578743837159
272772615866257383134110482160436392310422898302925010672841842551545898547
1441614283557599321416035692177446014755155860190497785075947190725831199942
165097431443493615349054287559365479706221816772599221632010060253090033698
3135682075546259893616340321539942600498181487013091681366936364337468718290
2570969807390639768261519541811100853203352864567403325630940370055624201673
2472652572733346943577471648132447255919280240270420868538970061107684041183
2001742791551335499560456945826629689939983121218068593358017700073177618984
2235407139699605831548623897151248117044690252940587046752526885269772851381
3447100560937366482666526327446981320776941415428086948514753757461211623074
3543037754299603376033711175688744942003430178942360966380022876960423627587
3541200331435522498838966656179087802444305253757250782412070018727503132833
2542598807023346893128170369502718505594765985460829272552886878436492961527
521624442383702962760374089600332730677361231816280564467403186121240288642
2954272193032472448946988520328473287074223218109777006208206940418428469800
1461028921985151992464480954856715769974468122295825959377232012696970786017
3194852905503282625916315114881764316019335885390760267851678245373280959333
1651128950996027791204198061242277412262063530657151464909578852122982503620
1250676798715710503278876054766517252837324463070706544125264506415942942978
3423177873547246937144486815396082017200963424722389905058515703359772367925
27212267627040726552269678981813104296237135889703235321917946866814
36070896553404842087177577320162288808369556168788852739910704078320396190208
57901753261534833979075903537370830395640318638486429801110897290363569592147
62453019083412351100140600897299927863275150375752415802362524570075290085020
65952919891843797720286249715195874886215827554915729723263344999765825971212
11527463881828640212579626353372877625226865523245992810088028979133737055521
102375729726517442611834264007489066752592063962027140674059345736139116285401
31938406181890532954085992181015674720437819225242805373081510142837697784880
32534785683461478227095846067981486258686801329037756366284073188368457998063
5142812853696766505951315149768567600192811855340785829414029703629039656326
38549821326899578091162828722092715036892827439605977104804948255147596644574
111118122977324175053674075829039787224828006126977871243046976971317475200778
19236055123233076511388057690623007560168555836985030491016969308266082145273
70799111204525409613673055067175631779282877320017279613108222391318469106219
75477987253498708263072061590301448041374846329510056879857182803673013073806
2221657422730864688717587667861215756583577741856356693635815471984859961884
6793962133011826306122623108962683860818250889970786106995809399918203226057
61998114334587323496296392366100687359612732050138892917701675036979058727069
23334828060114782222150547499928754634774233946389544078163353233260253426853
98927455009646804096670774851486988343909414230100154507367955972791631936046
20799940017311712382858126212398626523290121407215550347946213593459716720045
31751268603598020262000493331293832842459530806427067829058780502806759644078
24696032125237575217180864943327075283281142209331542154620411564460488541105
67340688473892600309026886026649556315724045944662032620283113864216379679094
12280588659060669443691234470576567373745615955019235902417382411005490649174
107082427174216870479875742911371142717859041805990289323494951086646653884982
75098463451622005916201976316034306359727479036952300807373304985296612939279
47641976821480243934318046765026132193360167546897287494245357871436520315482
61264800478076183512263517589901947129232082442792598219128899535747148291696
84900049890105558047886439209426412074727589159328325054693781278600926352989
104793371132455525208036094182409119558745724764635167731789272967038669763699
98324037053442288858482323990105354998894221927321317469656625259067719299830
59518661737092191504758691489933360548937089606764031343860167340504933751819
107617631342493654981895211762972677966350295379756986941534778605385022071345
31956911379327737049207718005095578456454833637175640975337402414913049311378
27975027396336943601169096506293361484315577133838912046791702827391139362575
41498925867804986246419644222008828843156498581365528378261261371382605787184
70254619078499102504968317453614618192311521882471284334163029155401346202552
45522500441825788926921699830624786145970955085101880239588857598059123500943
25768677314859543062301724431460928966050502138754538622553123774345038853317
107317252863870331298118976108924686572982659802094421859794013813549958848704
68739490185168685564523162911118299072001979244161990227844015594748606110660
53511279786117245589253471603537677587604560530617558300861805524941313435815
38847769077491513506428340170149911107745921061352796455633283198981889427225
55293954853893089300785325733388581918188813132671159332625178147853958404850
85608779068138460549159675803809942109859565690241077356365642302882729369592
27580611863249320369581400367803970837863777729980293518291328562220462366810
63927528963112875245802712638065812565511000002241383125144177524090979046131
52979883676795269617404599796754636380185329290998357803709143535732319701661
96385264786690299011362868216769187787491026646345502786126236006353810586140
109743477132313539532474383096918283960169755051852772032836922224315893730291
96459505129534078435603262827679167755577505964042782663159703856690442444668
42691201685771076046639356457593431931513883258210803850244205591064812427436
75125446160334159341106044425049094617593529653729891545994141173139966853081
87898398683471346636694415757685187579163540882079706522273478093586166154416
12745116379047358865707997253169644977892210795646849040397345649651310484834
71383013412592516648924003502926282669595681189405235725954826908816986960887
92078682295231930058046843976118134538506174697971313974952178680782096171508
49457691710386252602436561743464692006474204878874790002006621804504698367385
76724467085591026424338686492049981185107116886128011564079552787165823426722
81531424819083645076267630022541915562965068218118398557946353212067508648778
13372847532050109288469460041045859046609230550757840670713684135949542102339
111029055075172589981969109035075420074589666785376394252844835815118709653773
32754852920547234036582194088171065313093988923024112023471220985571510877946
86712044958707591862031545669309257254259309755262312545688233911409120587076
49367301421546548638612498500480705180492095403378392168047957615790342769189
91573566472539595366327495153619443522097507005895685201354768688915302165732
25892913872975103486604909069375384519397318752372622280012970433405191269718
103279448535018387919814149135194486279454096105983485268349027752391241669847
18202902123000341745733452812515710899749746569489352299316477264625895709627
32727922620700892684866886219433181718643740405137189766956412253234592848972
54077227937077318544347613396375344815558282881291648884954360825832543079759
114150288272726596259174254012397687341846936640136224542798137245155897821355
63745749439888941659410650750869203419425451148452836737577216549068785237398
52409566748281154706216503247075129841496830503852626082641587070740380005462
85994875824732336441048307762627268500461261317421348214683933291591853335429
37641331046621013225771161734779298578277234031096780147993220876252644069883
78991420372208632102028720035586247861331086328543996033566604181206790372178
47893282477605058068422310019872995669909540781641118675029127718127993139870
62312292275790547706371199321517409430171881266962484650518545993178320301780
103936045460832341137677565528685461665267815024299428069603611361526040740711
106530127392609910530697957868413376326574344073310906682140623208760571726191
101039404457010988501680173222109832986925046904425557110379903277235731842368
28392895034835206040702412849046186703319790962987906958129840819173301140916
91159034335559185141491089571483979530003286757413505944935735008264129661181
70802283720974607454762408945381171948937440098263408681124745872795430221331
56418683476741630054413384279979480315472058810022177954900634883480168975640
37850158397590335868862084338934425425670553381210343838764927260541939363029
63728147098300958346961340572424975299445303859982505370497983076469113766058
14136087864978762361054282101203768510842814346999979561527891025919804119188
29315386870760648503029759390177176574202655351737143327781722733773354402686
35749740399217617125384759683193820992567161360281204789810845699918514173990
80804535469683703712451637870001568487366361265864539585797525195589485885286
68257592558055717270742777196767194213288138862264260990611328426108728657311
34172694812488227642492464517583983024429095068236737836103654830573840421882
73066357206954107661554334024550706737895850544043653733065271456770895600404
4457615728156384052385345414500492058328441478968099735911245840274072892518
96754771158531890415610575102320969936884515741914482178104970748563710753463
47092834657690247112104543482119592200475894078480622991208435643609144718321
50930998872929178891593987043260454390168152837806607854414608497653172583316
96836617262148575339795061279029515301611507144348155307238995363985761204721
97238555622956642300702537961185907186245856223090511467939346942602856960447
87665495780277585432498720398712769284501686360290236274796853542925563813495
48906067490357433614860486823867478325513635100868213801564964741852714669083
1992332737217338103959129732920054250997730497850248722089284381996507166492
81035150425549910551878215773612335540224226524716397948070735602059507555751
106563154411653350640258656991125264987019627407402188587839997274821719905933
101576455281953169289221241928548699773177228301310151662963095737740251910549
95962251500920353307965765388877727107914672339455409303683065344963932427638
17759169221214323571150779188553320225985098763218699649619182537505337691297
33038588221667298899788647247095383331278518638329152897921123437010550052256
31039201170346024114569984518674976200314232062431299349082526503828351501456
29269330050070327648546104312518652367718609365484566928545973059596114123667
66984831335767663849044662722859748763121389278090029241106773368722752066651
31749926037099991816506824180435706863418087256191458718367732155876908577580
16158991374341443221338047588648956003074140545518652816916288975475328287224
36785440940332858231508735103566081546966398182947111090922680850181456224387
39783448130629492837430171264829816271355429383865161151417854496869261642194
89839771407948488321360581352878773420345814635535993679243683429096905764051
65194502633367820631982384873208143152032312750563941645842080034612891615305
25148531169299086870341014240823532433363989073861537563196074546613159477241
99220677230299329674200845862257519891707079213207838419775495452261295696921
76373962909806831902823250425055626062479338078658989720664033640632963344863
54452145222595943258343583201386110432109692754991969435058201179977821964901
24713829147014815628981703988722522328320241622087011854900088628802119192339
22030864472378277178859967167579688377512880527302430182072320854771898054958
35594458800179158886176808907057534322464328204980311491392481451956546824803
16319979920501163393653885172423005210798596525497591670893156648568127899127
88094335006472159963843311884100940814170776207753649098181993459823292225039
101486000677680185398835919090202431707483206172555770282882773861371718026884
40715230355280421770912164573370966530046538335177849296756877380126039700982
108329041270013820455296325916282808066321883669997871942122839290730455523074
89305927387577048908520978237342158220008444040930155581222318627266565605964
13133668983975205475419728113025330371230861296286169856095836459923190806807
78286832886105029035524051856185234390361291609974130377523572133875751009529
20288887130380322018500830884404752153384802297511698229765993869154888830670
8442388591154055798650502255934638529976844862057069228367537064050696803658
110118280733718424488571368049636384962835033449178642838278765633304030756524
60623627668005028884947263899806335851796757518202389307835226947555667712939
83921112859234615278440258378030030119216196799330975621290850333273533237081
115410828298328668500852292534359643332006675736280625297951169798755810803774
18927258609196280828616707098410766277589613880075049213897457624512368109507
20649080517637657848194992048290860751974839908081390688515888413462490265106
114458807718266563731213290995091949528016996693188503554174963047179337447989
55016371229868166681550621825588941556629991777956539674748448275383722491431
30499018318055131469942167601121745662075281916154125261224368577604202240866
12775334965930696621400254415614942944999766329432688988436168690341445186283
2764814063934260872628439217622598757253880363477199369874499151942492062512
50946640516434386400478185178333810539924302513015260263380271782042806037888
90846339797763755812743041402315388279038012116222989005970278182118020092777
13248367892685918336742638917912911489093465101732277876887072265096454830552
109352275597132723856364683263046280532498272140944693466741705498814929589547
92074341312064757541383944010434592025734321434548375584556733756840654624381
80308037324247636678073622690463142714304726031714353223094412543606181330693
109214780644431916087045040731429468697824331972674602046950612569084721324684
61356227694629337868887933460955667538784503975170857371320553453180825374061
102564169869210250330320961643353977973748051158718688737463701148349853848273
52459232851470685176118832253990765325800654731047255415336923217086590225764
66235154959223602734400064451998270719539057797138612429087937452262966487546
91372573484452729014100673397571449077654803895604181211495574279718662353001
87823039909573635038451771525797016596196696556749981836185933125324767353305
62499810893517129906190258645462629298391084027085375155404896755684746753888
3552609293071851997960225647669475075765995531294392468234982927459333517579
28546057097052771713854879213622256275027060544711488925629720586423571807358
64184767809168370752682977680902017358618956413048984511004773436286771082268
28593872959059911420081729027626139593837503763667614674790351559787097715172
49359868513536270439048658591045789064819592751916914683931477274997964181936
80486920507862700558167816013353395310285273505835066174203174960254668738723
19382219877879066842719502663267735078715008022186446179305561870063215463668
19498479887168547201690423746543048419895531455684996373871827613867590832279
76907652284326439665342598397673285604326334515872243236313062760448156392974
54139998942797892036972788103407160957869894846504862648021870931446576408942
54673587924330725527241078492136952708738474251326601326294493037575741423634
112532801362792316669649593974427287185463157827561172771589294233499324924329
40677392884436706250343978222263994163692907651336572107871291146939292282610
100705421032069519506431488396427239518164093642242696513151171863352275317737
48983479610820781889498840981513008567269382475895292669355987635969923755418
115330636424148635825020150489736679940587528117910783717058011239895201218486
16729724392298853998976301959084014704396806974862437176312617117601097070651
103756694083697022896873155853220797902931528311759804104044610141744312294999
78179275891049693467437258656865659328450922759891605260590482342851786674549
85866448543163756162050371438722715013816066404888103546860348601022627646799
82393241151465310922500332708850689290284685922184028894483208952342690210887
32034448002808467388520303589418508295244036075713736192720831660879445371484
63810672398118893381439294614367298224427683719527525126720541406637978817830
64495876825899671425498355685594539131290240934587653079202168410779213008933
77421439003841220711116797477937363249659122079133206105559373005644312255211
20390779489534484395622026851469004845877349127499181183578956439933712151587
72607883488039147247903805166088535727512211621989952763917384438123606221012
108749788049232816691238547088334111106115232103722604196255719728066678639430
65350646656863104036702219625498442158061070974186880215573289218721038394646
45522746521262792016622638289296598247959551779933606339974435328653207048036
51049800486046446452509884421926482627986729536935881470551428919381804161611
20894485425019805281247475069973789935617705855924788205165860061197466797129
104490078437252121509317762867675286427535879022991960532215072872908514819540
81927914702785095583587993604294331427732952858697243354680561333428944418612
40564862702978228239742537705026253372645681728502756774878862551630110804164
18341613257282805925937394841629973775441076547888635922512166127220035377012
35547865824395400987036296736412297457539801483573538897187832855840894652533
34536789821114558152457743240053410960338241818660755173872957955884095273716
69711841373781209409728917229374087327413449561672558950290209873723966634063
95655078038069494594632236585173298494257256098785944894902753809014606338448
21425803192390323944150571708425842985808235113988041248319508506465706715145
1274917079776683437081668327913414104791690561119417217567575158275424499953
4153960294333191771714629785584462867089230332093291277741308931975578213964
48593456003934138947347486897496342468110794450465876204748279386492930572937
7602060073703789148933216970256455078001215203404053037897299435940179883523
51996761217246791505842997194105543666954651766752899685315214828786871870976
51128169187588139031697777232346056945129058432296630831959197288040130940414
83287634609679718214113799549795773263398219535476372254488654923453986934045
4961978957000045007940272589697913577401984194042496919337813421950460401985
90286444171412033504921395141748737822514179898174416957851591126260107543192
101225551611995183714027715184502582543908765186421210837614693827798335836013
95636441658875851567463180044052701912801785151047023456027742018297454496212
47023177522020492353198637960944737561411890657251915542414959348294420412801
14087890438720766038105191425238860974208007084658214563706563100248414707762
67856282504009565196909417225893203293007901388256087400280471664354700740448
4216115446029264722727904702289835231004685453773388638727826238436975227055
40789512402552711224941977306520945042359491588546985415505200405288628938220
95506860094265773030249660202406821641969070209295829641758896472556376436217
49250442933144222843851777514749097987083865152789936619197392875720915242111
13764475742719476155792912655959463569759568384624411495037699630939433731754
20325382489423590047959376550766381644255237883053399502299118650488857914584
70873820344360050889543996136674650452694475207669436443789595736648876687328
70339126584026309088285201312703152054674305540191679379540058832199299953311
89924650992065734583513455205265439933888370041567672159304936175179751468706
60161945388665697300735562635847554544383745825016221605114517445925549579988
52470613891144639264334958138189687242645687815917322499472928281627712865327
100689091613875135835746795637160483973389749540671276579991367570237737402986
86546273106684076942049565523689048599310355266290645031899374094914060243200
24669994171654973262843262984431400151334424602306064250927606125019604956218
90820649674036050170842482467381481042630437562792765128911017850263896666837
68890557859345039048406476128745059601732358679759447732634832567740025881698
24302805798345137792912704051406823767888041416666797676530156447296226501498
54818493039980342235045435648362694835647911489783535015272864978313383578741
100760052595861067535373416516762435213031520794671138307952081793965804153942
2909308532654662195638251600059245911984677238397659163277100752720306337562
61730736563594321940851060538573707146370780104287991862184454228486009556220
103293387249921207142961388087574944029399315658913853081201884160176211552840
82343904098485372488202214845002919430486894842516057446574197576545170641790
74751604810884210390477716590627977291590198029609331157330724191004265797142
33871293516278795946139763707843897220174740590323570794694981030457167397373
44574444529970904312732374593866611652475481261722852312840750658036536530039
10171484649338241191325000740077997081583090326005758730343556368656354059202
15346417613761353894509731586015634190247370759924435472927662636783416109345
29161344768569199641211888196724304116710665538011860394713968982567526111723
36480307159127514740146460738555988239348039561121467153241596070794551623680
