31598630692674578159105387195007476644535737221956542903619985361041344167936
71318701414073593806547930731356386676672680465721757409459518318016750157824
33491378088937525221940867256738480623574565596129038261849803936170726391808
425129036706255804544445815315538557358922563941285489177766533120641162476
2149669407981388666662490365213731439104094647766234952901552273327679043037
354288668684662061296691867218649793050638310399908171481811779751436354783
776205821317127959109123587103066620250549037099419083133010185372080051861
1538978831724378401810189139014593537967202988789037154327346133773490742808
894762308688998331261546875529261583602931003394833210690717873717056686961
482786364649878692995641343043009902662259414467243493700292892386934875716
2030519188208393991722884702905570105854103112664335575772448883638765110944
2302619759790233502477755018788200753593068600155721570362673222975031945666
1897063633699232578348180111368660246771886130895636702435987929173035570211
2928549633996732783015881715668552032185797845194413666262934350307419342976
949369812283508560439168811137206748311748112876342430269441784234653571678
682384400748570747142942572598510569448502273133581678930362114110031556877
3257155743730334381344700068865281780549099941102358142307124314083380076604
849203965104450011163918317242774542855914464016481832307854939574482275526
1764895078998927708323328189218176839237732871212001692301461234559439213811
756312722440196415938102794221355522907654799952317953570512197268721577956
1012766659505300006465674739443658720826593238572454576629640463348665549533
1723826823459651271496110494573370545934938781628728066823591853038887635436
3597313193859465723191169406240920313554588477855478461744557255631881398497
2848145260388235811468609928584627912499512531601708730319467524914528167352
37706801773181910972674272766282862124532985425547574531785530423836988430
3598960533106064541524072195797241913079176019804559155417658800043960990684
3368597199211064308794248801724764651193286035383731564171785484108972629439
1199823301498000094944400724889938763120798544230809378443905496043415892929
1986319721310372912188722239496882171264432671746617547678788887502522588580
1844598400095541592606306412620804295960867457018235780340673406873521301235
996866073024520213394026899342812127471368326483770566203110316453833612510
3507706825035686093838465551900559430029149046878624379604911178968887181149
1928095196663327969611743492347406938480013282242425140661164752125011612355
3246299469788655663876696577221539988214342346971954553441268514989761433497
129715959933888258716677465640270549037550477383247667129837778741381979763
2986460181467715149345870147068846197417616537102346184109268617368545835182
258272464274507921639828292708353248767458974819460841796538625640447149393
1951228988113674492126406655606985396820335129559320595247458839621888981162
3527988218656420477777416819680643937012699132779863575623293343026278655166
802738428616193636380644872653057933024672702839906698439525399885887482322
1933789964193183416469079069387850889468225545260867870192534626362174288710
602505638945337349793722498627831626493792442309282564787854324425547643649
2342008295125619129175627681498823720173054883502412739490426057098678032333
990910316321160807508800008837033569055836126189305449908459112624150562147
3391974773734896661026835246589936681097935729884746555880067061438889724094
289287725597551188873915907200969477611337240207022513238683644520655872860
1852578445573613571981778094378346073195695708448513740257966092067249367785
1889467909884125348578985686282925725456920537911028177996354668559073318213
1323107903645171995086108077171571772857724023956388717800149408076620030157
1726428549684498654534113764929803330048034017548172867827083009356340278910
3374116390604845365744290762170595914271963616931574483173524680511763866715
448751695579248205141858009979383935037939009693904094857339081432525700972
1070147754985457576410036335332203323865408401627587751306195952015346684078
3024858002956796069724618646840732563163219791579632115977345534280472394789
1127683018818812965690727169489531003394622925586295902301016703827560361729
1793385243119322412962954854826769593200105371521944659658180131167023368904
1745511598424573964131570250153476893873659282918976332977779999843644954197
8789687194390204522988802475166861210198115288441313371596260096761065592
1325599876027615314151115830336745565559343601876010240909689790140106410856
2218317053136580670578947888136838803840245304685392289155298888270525437427
1978089278401399989720029079016959031285209787010075449156857596790958422466
1500748013778681589208676271725943594397893682609385927040623484111738052541
3373276273409990601890708401661956786595008892602734134431884240851331708052
2678089263098785162505744423212061218475248466733477530776930381783700371367
150451886063777706199483393187781996640702559796558667901839178581714307662
998134363325542375306200348717237793627707549495855252565511811765531496039
1117003346301429652668215459236784539472110475002308699589252577241995168403
1666098079453633156634949101916471696012658176793542255395702009920612463917
1072393925346902107719147924967240734534253513332668989971052528087735080397
1806490561826663078916819066565984397731764769881345279734522483934752479920
2878748190008946327871018101511556091212265294056327133910793619827600634469
245335296586874045559843180542738557005912587064991371039911465349172611968
1030651983121664059745982362491256805835449665439954822519366631218403486266
476934977268602088234792675437467335195719764961008827246825592546761926857
2669701830743673262132090471998013640879280172509644109895020460809339084163
3458953836160980619124647546753652889880655932474231568070520787199279321949
2106991353089748055482369151023656270785393888677071763833388441753017121283
3250511998761526391748960557832340353461224285229259768527285814420764104521
1948146183503415910288916665952960231919129782345955624929244734065100215654
3105439298221079147450214142867529717832025782919361652300260350720439979069
692912262926699622040314667748862623910616431494097584215279068220440571497
2668634804331657698497273146733061910657438680265869533434114159513694269552
579396533669985808766932284546622929526492087217618877737260855288105620499
668890549874099813299661717938671063472460869826231439202527328709605398972
2715955751094694197768672665564572481446169391041718255860481720630517485137
1347928348233306250182712051909890173480243978274316916121749584391481255068
1203203879638444079594256637803245761173783466546426525357304146327807930983
3365108911335453850859583298166703309730407614367557646637652006012575423460
3462534236277500850222213194879167675228027597065720726891839648190708683848
2357040155066193034264273809357566041628886284617328920406232673862121737046
2764137753343414684828463181849398281783176955106542646967720803440305959972
959641522163729252689777380307144380854577977801517690140360328171854088704
431265605225453360291852380213451560282046344747310287386382078555457180138
2263471804805689351037867089376618385149900758334317991892966440247764870208
3010644581816198980661640369884555238585107229052073303159654862382150891598
3340987065581852575484932238125710596413756551416829713613209543078241657653
2709004067309408057432445974637197943056867674843504031479659540585718257163
188450866723624326913549292724964945886020764390232923750472932574255882203
649737629735380397305033912343229701774852627579382960622342613792245313039
1671467677033342887320475025024063037733673347691128446710954252879711530697
267018232547555951359011375934911512312566411347392259109205384346674825621
2610482316758194261393516427719631563755086234200983687548284632611020055024
1191855693205424146944906184066360622660688392744229127760921181732423450409
3201433582114516505808453897934778417106604539417186964671386698501637585071
731626223571191279183712235768471348305729090015342713538192618052240931196
3270936862295608789432276980408895246394944340298932066690184033934732005242
3242696495133971861967144438253605244354942695785308668851164128961987491774
3047768960605554594889250207540953215792190456860665838562036380719983939716
2829142609965785569661253548587492712553036246717388796401479474762853808121
3376846355076962622788438216892707669225661590123276116543048766430195730417
2818136289584895465489423696056946670165886578842371219519298040948402387313
1213602295514518979895852324669795641600940357769318765529521419525650786689
2173567869094093642408607037597616324242915745305376421272111316332049944822
1970272221394517449540423227683030427033486580007960166775904802670842682811
1207217949442559414188307582057597299910240620610412094415068096800471459965
2890612797629850840830412300313581509313679377688629036799801237512896334649
2339655539986702573310042960770304373637003367625448055783949659573952489064
2501832699599850533116811000362272482965891017813760855689443654497046890100
1722193014923420568164555625196953265274382134543823357831848611023974378074
1486678508579952359377426137420425873045113808909492389895697213356667954581
917853935798314422309571764366857333091647681426195400936420420791111711677
435121003081267856417195328096188606507458208824431167512909409869665089045
322985293407111630114926969448520196484207051653572794215391147692833363705
375383453379376073123781353463385993437741581885349887216361420924591635302
1910054420318464099598477144527348600228395426640885291012437608165471620178
3042737266936621285271598155432038098023906698133943191220556196047154571259
1705665865103728194556624020033063645294470441961916320591005105496250955650
2059774884252757991698807917837315241265946031962702382205234959278072263394
1810436514590591155194846888424529774185004429694798866571568642697557166220
2621111220965629495917281030510455815161311800958306067477859389400957982062
1274213839847078754657598667509484202878689672520579743076578061360972075833
55720103399244888635310833214543868131107066179720115045513769456922163605
1268283335695639817698671854719181240797483146186265180137135828303164213470
2403691629566613249097604932991198700532573774753680226009338398748374515415
3478279559608662612553835963930067338485407792055685199988964029464085183196
1189385244502664073792157591357158023877016268446490288396991744457795035976
3319047066739566361811404770901036251297904976951735186294284496945694327764
2642679478366879078040914402900383865976577164087699594411203229722977427859
11074080491545748026341689143382562229739715846717831695348675584921685721088
82701866252241870119830061319624749866838458518645223997722200042949148934144
88408983480223372722733284265360473186024907145933029666216231612281465602048
60351406348210175611824196812084957537698815403204510422906435491663177580544
108382354571891097672361737332459523735746045688078756465533745282855582302208
104953789468409319931384883628943565842059859479519330264646162757692847816704
18436475998850228928059152595497486680878447612920813812502321553509422465024
3564850582096064199916618749003139310130951272927790650965285408973124706528
1958013955881134888230908434864006678379115034631444779095557435591919135440
3441265854915708761485831734213217023887998397580997960662446543274309957374
506220065394974060174396958451796586801091002849511600807768352454245108698
523904761355307507470230947752467063138906150817593885781333080749871495554
2562811195782847559874152703536929017534948569330276131849896146691471074866
464239427082380384545287485892915917988297574877014701352659863933916408690
3534164878967066619367379469177198081399644751764377072042137289058116970070
1089436308191265142708388471844848081271814454410441885672954405419649209946
3223365312473852717583811916028613631493375178378706527650080819911595036378
1492008694594389624571626857749458389020708467070872723296722182984265257511
931934497449673207040847978403970002931673715003357031546054140727224160736
1747832714977005690024684869684726154559441959257751409308412407099623798056
1962728386651149562951479335635017261795006024226013061121605629416733388853
1736814629716061855720617112177634550414456686885245411950906131658403364442
2578003348437234388856310881488341135403069903050548091626613968685589839781
2867181983806251042190527063055655771165035754196225698675846494370389457733
2328504990401124863352829431485974885775079296226267270082969718409613691805
2976430410771065865186564062786161379069905753129601356778292591757778909387
696949159362129135084574745679878934178766846591971211220643405983866807298
2956835391915656095543163726635265801997802275258944371190593960801540790647
3288430537421403618928168400467325499892591444009159412369010030717512049894
2547182233739584868822273304221063580857293411760124456716286286122650163575
147053409321408497982861066188193257740155104009740763073625859909674863053
2528675416806129353607386705147109986849089443522757604694548235660210428022
726469058894232334281504878224707753402331272912425194219816293172913904449
1477127549306453709669455238269949732156174511386418800503680660892701675522
1847831887453670850099741647896247803261360003951953238309870030356698766621
2507643639260295897073761607986534679644900180962978052218872808276497557742
710996588023434916776928961921430432967132799367961384463397923316115786641
1431695336693199256909853406533577656282264578778115382626634265318536141173
3307592896610573921277219724761384070108159433011860792724786699015402448124
1945233306018817182142668518489444432862008414178569664569666593834034157288
1054444111427714495834553799576627297008254538460482539752624544128439873857
2728299228682211177754741719584435449749919037424841694327950861583589418206
285261786373118098480481611189826813899103350693033640953550100826287546975
256371460344316739970887228292550866769589457473393939959947423415438077484
2141684575122129456626456014982943096888621807927623822385472523497431999172
1361576473807288165824517136327820317279716773566234208813565882340533741623
2586005764321624564688132727434330446234184590247239835238086271696977162625
941538669895227586439935642219591631078960450429408574635706982886215053488
2138907757914523795437686124052510486403437845056089817746876032921449903281
1571681421476504353448153274228823242275612238083026807658710026204656925105
1311659507288878193184414877019304087324160917456986151167006353240476364615
200571434529715160983786791246272366396032151286473467461529058152718879162
35563420350427185208597025216526351551087022873660657310187284907557600581
306508896288032971519543910460810898316468921979240130609073216845930395073
278010655945895486680013860798782218645888585773065353753437850463581658897
1268684752959865919375118076219990420430545768061406353630593829343974528777
1873885134285584892809111813548688636872883817683903852601096972882242798733
1877733462477769292526545452716105434887249687212660935014906867279168878580
2601750504350308138512827374655887594991021970450335440469694142925221916098
3569830154305489277878227569627139979935401401181293807185081652670614383814
21112909467794866752003286428760858594672310364407810836488252439055699540
3495204472392653865128199278369792171757421556851676625427541387451500907388
1039804966183951125270950191578496577842145742775258050242960334504453119346
2669692078469487392901974675099304432158756469341239123517335699037252907233
2821342253985995576578611880105638413155849264050944010135214743110931273571
1004696469842326823131832345341751201851201319628069796867051298198739124709
427866774955116144131632037746151514150294547876535862386125522147461793803
2125313358394673679525595831985258690384795814850361075131492312217389579966
1870119635485128531879411608668780802478595421552817181654100544602483380897
3430999160206258088778553030859127075732415264425296215154461926464072252371
875283000020743058259154046981517618748395442331539179627700219496923101823
12088770645070597090300004264922850321534133200829445106085222567935
86335321993925851654237542702894675518907044985817249506468160045758424037709
57847514005973878326691700279476344596748723672536539229502846229370398992219
58596941621164513197631045193026446741213033387994080066001257123525050487899
30017317685142995031163342553754443395400083293340658066108603606946768765275
40859820610819990863149608011089110886144796344282792062149411686776403563293
61330460080651189880593937660117167089024509017066886985454323090203858985216
46203351136746345117703279655891620775686939510359152100493558015967955983665
111992276528154287222636979148895532883990488352952495210795349359022841202364
112512445830885777170780226790042043829628943564701563497677958356189700473799
81601189525371650449081246599487507114962942302466766521175712571601394632183
59853803917709719626056802351700234699449099744279189293326636008818508938467
69812468209265318334013034373898979389219825516404136119146496058068935404079
108754023538572079973539186352659730599765563542681139415025202088585794448265
63542965562038917183462020552731489322232875660510492216845829398148666497475
41696105217741268118797192664884177966999279797984111825111137681064038480967
31584625844712471632198101385147068411160071548772861544920976337258445129357
23367069659934482001306139568007075397963074191033250282403678125015392805135
79005564519319460025477857119178882761200241178299505882005995713722405587327
14389226034518155360399328437833636887762039042439498473020615771764493584309
29281357719201806803816405325113839069910434012377179070797499075804112421992
90681644758751507669336406485613797477897519137354414243816788140400112713940
37287432900826382093070582061240129420507998017917751363962919882270078387287
86162839945869472514186746618852178007562734576002557852271114742468427632471
109954287325960580741845998680523824345002231688035130439414849304442265715325
101892142685697588944655474184383837427808930104050925774077911099995694111891
43274285024477779726781071628449976287415658148947842866834571791758130223381
48794630025251635438458830420545505896627084785635890561498502318828196763799
41539039599615362976845514220700486380628929775493072887399404671306861572844
48661525661921127752575140678887926523713662695298399100923840360695199030365
71929290911048097000870160935490035994164921904792839459270803628521240996785
97341162759067562457792556688421272773014346219944796490296714536700949806996
52019238126513073313275336683198789352334765977416841061799935147047831022557
29047842742637823352787014547852749348579576461753648389544024641273504062310
114959739798418222856240951311344560712082608335081115721820200344763536235391
59707828543271559837368199338464036879883220574314609650961619499337782176736
31839394390597338149308967112671782703744488822759335865960681377088720333046
33658733358757618834505692641305838075200147462363304020827589085094763125453
15700092859338498299185903723381704140974927008669891131503982669230613478489
33077534775644356592788262562568042005795984696848575726505519988585485501668
15888680836109940178197855276467491316201984477408850354839985500819950156284
115069900230343971144074337090163489652967297404832314339838227507603940400154
40049950222967157365930153623245493440671659767739577619799080891566455718411
32556458868645359006545724898460467944205559938677543477977418456810148963379
1595902538135725638653031557610488182997746474387999753327741483804645168843
19820491507627699139065973336027961435149636611783982461728534689110857500811
25542078007363600283790701936183356615305389582161724002956281011368056667585
6512876760676685278357183748177550792721070100310315738278240049954603057144
77011094691894591461270448892059212337953678313647402181536989312426083888014
113426345343702882108518705077520098868634500567054855175827021733150404681725
42995699183349400021522836060224951078738125479026740928540780302203564720911
89509995753354082767616324816466554494992706740724101174550782120252367917766
111281054061406614172060352021537053571921143258935717202716820368766843192428
66577397832775706874194278572323596352841760232628746429308720914380831027437
12235268412640942835551058658569400826517023135557480175530983552994860620888
102374060761741666751531540446768963317025324119224729487236057552996477431375
45316461432126880717423454725425724766134766649445662518449818111271022070474
37993232065028993704710301195960683505793498303999832620907340046221281851129
97028748901564525871684326516046116536697929431229138247668879107621611552899
17823106185683457488870939754497098406093101230962652975809375125177815383854
75638574968138770321246394568783731414158545528738700831826735569445244665693
20017230689894239915935789538936926362395170299134988502270646044202892335945
50460437956765625585437267824219241106426722979556427066271181846871950305733
104043662579962409187630985580750370957647777541992210182554611825533937295529
82688690261037428945043761497082688284074445735169748657480927268721450978804
46606290869181723351757415301570890365445853039079219868489191586813884439423
44455396549945112916186109345429075893082053992539037784043441510486049718994
24753276499704267805862928570592751295528945710575493851264819718939696731655
107893172866057106631187852585460056510106336705203260613943816263714790939946
64127049131235955722275418771580953896972309095906831715386626231864057972057
70806290253808918503736014772314728087610555369097210864544087312508430799813
15483281838041242332775168361954184305816893820736825024683716491252596785217
99199905505099925816509696248402167137612522355227061496827423645044863710823
15377588422501167152259907845072345698136782210105559318912143683252736775931
45201814393061139181239645997433349062477998772671067225044293982434587638629
15208146533911624526608479732528159036203668550739140583219529517740558194525
40452345143450423303689334032718394617022738656317341926172201272739606099242
65193854650565884646775205803212038149949637492879006232212230904407019254015
53805242642715552088402691775596675402487627446692692900376150106027868114087
77320206733421979008424837921684990726389909663947943305078449794915867976568
81092626163823354065332297503997721621443570603152195128234795178394742726477
56515716011030780801262821826409056186530673037762237232891008829248494731712
112124109752476199418542255966151987333121832164340559466495734677479014503577
66066054686014063743959606329011034314030610017029849575668167317601110059746
101911684811992105533212153528515043229833710032127718481044213118573737730587
28360090020705440415783486396937459611918293473675922140666995400545252907567
709501738069913424798190862245462962067333073369953468586730927170228454954
88949899682287542947607022463574280791495553116939087277343451990933371640521
115264892357426913798355393883548124996202628572136971114523212997936612059783
106535087248327022257279413957183527778094261090004363642432532861119357318373
83866829383835629588431620999806369225143787825005334849030209763961107554056
105965945303240284940027202818563937501055209867074152986749244693334693100520
75530528705461322995791935408407759283137185263889116943459306453046584369548
91727095718993201307430517133317245732412590254941164867593615496059080764725
10430461348900071901755712074627330854897574832851445951602175215875582576932
88122819678702126769749164324514343033526633584587277308717351420758363187165
108396035616493184687129642800544172200473401700821012305134022593791759217410
15135229583382008854197342423422567775657918844307240802006913321632558030813
98662218833100694250583659680250244445877862865940515232040167963206208168193
111458387135448534632729302014881612151136492018717862404024731697328769258975
49426758001042209175226238588172375248710482776900357109497630449811643468220
15331219194767017581172592766944811535044815792873848575270518041585639836998
22001295047387514645064007294468511880648364626005797227161891892236664241050
94188623789508485759352577726880703484887372488221337798913070940310723914535
32031844082353337449090920522168576187886447617762058515998101688901401438053
22100699566530421262476599704439827972871595375599562513183774633992858503564
36463403703102309224754496710703070666020751887066243017974875479833140720230
29907198016734190613447978248673866230431974482051618480428833072982331670634
10518558943340396797071327397014682319560409782126331782213003205838722256170
69893307666539675645030264266988993481290449088847469994333132564010424347173
12478041673438606366519398973297675574251077705893568348267841817373570780330
109646526975385428263530504562747979551522436617037853143589975942421369396708
2652656939655829862732454849814370662442109761214177298873514740686011642777
41314946004254325020275822661824942020109429615376331017104044579610243394363
54346190801513294301490395246533523830277382082301580595592941095710998637885
103455310113824998496773899039408392891245395522647824235797528301637521019977
114059760996945152851690319047208476617570266944996849986489993592204489617895
51049108741678987187389818825489748546504658293833010028154055870243523041393
14362855504791829976168013813120200028367257641089341929310966234243115127190
108096821759407355266170998996708910487206270963047258158023927210657104447316
81235154403959465672372726174591433933646575909946490768480758565533646677990
97992063229571185459849667068072384451272274438857675430903050403346496527106
90569874690969601017024268143473239605708793444571160546795333560980904412400
113322390512600835469534948476414224366293251456216744764398447131457285433160
16782598064618389260000059578142064628125894351330968989787249211254457982459
87641594759544941686498241380602853736702824415357705993363067086540461039560
78289806354243435374812368328867003248171459939355139829433128283544662749726
71309920653784126178221233967118009835823592878232676697314876263597972653323
31738965207503181859902299824061257680037310668912191446346736025611099788392
7397828580876706698467104535051044009753866526586146892310167396587563702316
79152973719314200050163314491615934604282968453555607688404116594912409492016
100959736503123253873554225381206381152035208299803627467795502009410712320116
77707422047881797736413937719291650568870002941880894990929100742656582205657
50289675920636911182778807281701940179768981512559851843110531137749162710738
111618096882481606147938451540315553426567924594143723399511264432657969378855
73206235169953018234300738484581363898652187208842358496005700734906101594002
75177297523663094948849918816701261289753171121824039084676147446691089631366
8009027695963208845231952351931239553473730212881685448662467181148959601562
52852701674324805341484922096267081546480621263781117483746062745184917140266
18925155236396749425134374463655413827907481016050750166252108606514682531271
66195536383477906502874273488662727421075785563574219481805973861099266818708
82862695611239056906838503518562657903806464500433955088778675877087823854006
9134222656903086183864832654284979754779811597551009918096450923639749668243
22086181125493355052994645640838570913825627069439832056168492947855094991022
51507304096972323280334829474536241256030010854817057531456499094632477577822
96661782749757222477756011422365315158998976231912802347184807869620236681085
56121242514850551180441692311026819833681363889814744186215937015887248979270
98464861975003167487783636337482746677021570299725407704139999087113056224345
53941357011411438782876584749884019910718435650229524278703474542391783829530
36444345593505361425153953350637470454315100540632648003997158103681549828865
3826368529107240916631474303302575739739450019499274205320651294503430368477
30787014496740869841223448723457977077108889831097407074303342649963813736281
72450145371805548157546686860309451606802143224973786801509643679370368070933
35259788721373214126091650779936485216499931774708440906438046549473900685662
86076131635833307427534589988541123950264065556104188845490433616201784255466
2039137002968418274021442951491523267117126741068271218572372773293483027733
69822305565157934908716095916005394260739784509037704800843439676830279134935
113655977331096033243604112619887860113437365153738584427527746834938521650960
16399088584242641218276729942071604104255319551731708335931499901342173075472
88083632644283356729412215159478659726810319833386057674479881528417152907347
33943083799832753498576146877985114345603725854213933114822426729294998293375
54819883828411003733205155756955447211277698066700233270517830820729463498043
76173181727342898624446813555597013170452283676806650367005583878151919263903
71084779211171756098122179745686174886519317527611386350896181637231057967183
109755340598786046125312175318590892962913547833969948062884291002141912112610
78189198346952730933793111541002836633021102186722200701251257264620289772943
82779298351485216607059362679587315390098399826991036386776929055795614385298
44675318922809616395041137985455484403338731273504329448068910012608729846100
85526145906373339654222440519662499952668254930617457936799820477022073327353
83521865156373380184944661845606678200129851867840922497571679481133690460619
68670852280142868241691421634940399087491803690742487609280039763781209113381
44845403275977479419850952051709043060003959586219284616592757961789010316166
101225339007137840966427757391232643109765191523708943688911850858233913809837
68339063600958298925372824048640698606177052820045114365328784832037024958250
14501465600204446447061610695136372965915252616990953863667100824404973930830
93624612883976339032193388877600556023581717496947338082284518822192242642885
21658709674143472859813662557330223194608740933036243822470283278159959393947
19619410756984530003877902413453817391935845484673791946339634938437962360838
23595198334590521208094177225819776156833765597444341172744302947745211279783
29192622824355018230090861111471556510830547264686480059637944232441713449134
86280365408142563834172653222016212257460846357482386403540169077595623277821
68236267183061414123220933801650460780280528515438599232804099185137429939503
87153209511075298630423584449047507972422373710650150803087663675043176138709
37685099179905666681644744426059102122502550412401804822277891906115367708364
35092542559992488902587937977700106160865531105526750320988355311072044510429
14907503476993125351239830814730187912431852992983898122166244991422074894650
72660248385779587127632438726933528746165634278724064641521797324553089289725
35767207312561477219578977095567825163624830329072616051247445861813071606774
103527575035342611259642404588813981484652193897846585386393738273383687772466
61007859079335085914173520619413362752042086158276820017933895626046730230437
14697628484240885609863057953822816341383471303262927901650779371800855129108
71261687444332730532148284361226139646206051874625701096152238196622083181974
16332106752765705061790727920355887409947786748566273060196291723453479130226
89167507483989204679837709871409195362655181101931837481239193301769590685667
101308747284130709448735931447673185174845453101673098666932700714761324239866
74439079786579913029572438962117406288715288546397457390338275174362302752453
115251227354987421586807507820626010917291778257547249786712945746369985408410
87771230743416365008770464051370827221561456511065373790796122654418167338172
82786098885564333253570471752780920656052577393919093534603785414244952341900
95162658988399761430259102022202820414725791533689983678607823158805141823157
19501430569944312727069632528708014408374978638361913835179506133848170977445
91170670333083728755611227575474853165060056635363733683415189275079514007792
89920075567015938392208071685752324749431703446115118628927307430207499158100
50564814753264579647110982380691118464549385619419074714514752464461258141965
107365398754447344037137382176197866862129763273707528665165518441379219061703
106241670894574341238163432395799125096335215585730066281285234408789943837389
60639156192347740942888107570547052939665363397251040690371690794854279398655
52974657709653871490764769510248888763422862611550527577658448079881126437557
71203177098442948613985982507362887145483863101131804979966634436447904099193
56627094148824562124411457296155732021602108654585259640592497927601255305546
84612202847649723323830801494906060412963958597235759812105468386641103620049
75901987740103096909716849754369346957797433794906279854729498968016906148831
101522969198743691417159785785268886998467475367352795742888919599123071672048
20486563521278995931929231760809624792726020573493054456502920135551089114206
41639880097964958649455291659953434125834648839018480368185712124807588916902
63455440742316934044110058939742311433610774088187597702584112906848569101728
96405960927885175870461828976795144419375564759748711547152190249846119617205
74784339031326828593309296737649107258521004520592032326612225067337683186485
49065274290047273724098020716496685315385718821555088748196497424704206318626
55291762732209491336255726496976795356000257366844923714069916212028661533748
19871347359555040622335955745792562332548646270495807002704037533070194523317
39847636124481931043580915040684569972504305827855388679890962610228040281561
109883586970743132370212579205261455794715135766156661113110473068661243447755
35974128397756290609784050636313637134300573110188365679108913207221255048383
71123951517030646400843187962668282312530193352690665653830186391675821356211
25526331031562626470944990709607750645432875791503504656359330263458440097093
38811057911929791052578297732161344773619228424900256038220550880557529522012
68846489136854804147270369830042372213951163922872271303052770263291834725689
62782466213387675723819736843568361006648075491159007457820909682116950161006
28080870072276992942537543008553566424148242104477188191786410426342032170114
92518514962735011706499957734205157376266937877983807582524328002054447638822
33930052931010204652089803023428942062250669037378337015226001461925956651641
12649038410938084733317689170169511002161166921544465121996623706473511294906
56218660417430690354213727638199773297005553375544697696391657813491132228580
75018568749346434933803833222349348750977881486357679282204333351444338577368
32640821430709180838666664579800755397599742801006143563781015754998155027211
60776158853014620881545568594562945226797308883037782736770915519432362937782
35863429134621837653171091501503000819185830723429884221486930270071726060753
36008395313608740336342827775425082276774406304770004543720147962681702217047
34107326004204707915113678815501582464316856623859107630329121322002027208678
19859204568535577209455987005613076552817771685749356997406919985015655633059
50983283380964512253245485222388564628818582668827135100996029114544174165929
70640260917383923728196462960576166408346783486670694046462498022204941425882
47436833694074446425719359028656593601815626633816680165400498592375520685093
57431086182206961127135427193011556454329077209437478357867322411037396239142
3786371753472803208135077819892463515382770837702789804699656300805516991800
64140750208739119813729233041437442473981517204725460908976292765968441016320
