2328116544224681682960166852378027375291189076357884227488158330739643908096
26568781534318646771036628120794451276695311193046890217238811318622158323712
92158049285932750251894089433207682186569521436716148867441304544700857843712
1698706146337764571517158069463104100679472782827298097985520767376613420890
1096291059349583525485702548980010316286632592381627131905599002800610355155
981821382564740792270208305260250225921821941893821628438594318673194086016
505428450775470202660094386179740948694899107751649063131719251852164655541
1049522048131006977425307792297944592302171193208310795534812367109607031010
1876164426825386329737821429082651537161069057407750788945807365270086767886
3570478491712127462014605054365980304101112570272791221436267465072784735428
1883677068379382559239176089330968245644845581590447833629645894961673822167
3529868438766146494457554859046800234201200508809513574761421751764098641550
206564998923254050553791385167941057188613476652039302808648278569337074679
1938695626821673993167682523400118934099733949128922057157474096592722212434
2651938544036985960591132647621710998382629125473691711542220680923690857984
2491333906595456792420545978551882625645180409919671016303033588516083363238
2322638431819372544504253673154560241513679410493673440719442057825082473766
982335265562242373726932679063689302090012214506003284606514260008851599770
12332660308527322414391626639484727830561595960648195178026764163407094832
2497013717879091914693874267307293207300285927239098407637783230630584035365
2260706215860175093622457419985549388710078208277511029571242433423384237472
2497014599764022914967429742469556034672262640264178981636100472983185487048
1355620553064461482550914870754628757713430792543982204103252725072115045434
202412259760757622236156154476695359699647886105166601439928580762514242918
2298166931992681233469092432720739252147122340759653595321851100800595291793
688375988168904124223115894052581454742964976725833034799860181369943530140
2915297396381196186024214454831525023218320212342783540118488335337392917841
2388418935615560396596577027640581866521698642414867376264617640531714488227
2912793659531111606016149405864972213444530027333411068372765547606749479214
720242703999966407311022866046392308609478033615236918731532121672542096384
2007849886298737466378496629454256297639997978217796896659091397619190639540
1146594204983013532438448627703922370739770146536563897396575284853245643337
226486202134021452007500813719287492231147514539646103843072245528368500784
716480924491502111385085562360580795294229851408005734013895354687586019704
1825574009554621731730832697438607538296511832648209721492412018863722876619
2053441804008092763900290764875065828745149842889064313735521628034920939678
3284254103852574707399156578923693094387512581810324081023016994224169918329
943073831050053597986440348434941402173797429983284927935529182182757263252
45350555150943084140894837242083519138799541343474057704009620681317127937
2663629818239642951849861126502579356056002024808347984014672414170909267240
1157656581200557444728877619592557952865064743595712593019321848469427567103
199977674060796538708743042619592522123242218594796750217195381875025453047
1486922482591609684354450302468273933032342139525314130497014805367439779231
1127335333603681684464877018393429047445839188065443695321266849346643339822
3035183872836895534978014606657214724262076039829109712589139099518103437498
2598606136902143184578052810071809799386240858301573890973065324820719654666
3303473997197966315535177747311064385846689713808475750111497936592677143219
793093466650360576236783471510426346621931683330426432679210358349241289480
553503482486184498329864174008618759027181219906706005831126150932461712199
2799412246279735731904094603680116702414753013718600603122921606876068410937
2016120681185565634455467099421733441354816735518814824199280329111025446518
1364878884087603287276190605368150875683144616532613498483640743938517038849
2707258121575870723449199207636133798675613707271910540280028013198663289659
3251336140156941134808100091903496366007065007243301032995229553777662767251
2365503711545698358930343962473774437198912635263348820318860362406483081785
3291550674134705142663837820370113450241143541819087761034022901429423610877
2815738635364458781041410997483056544088295838400165757879804127200810228095
3243141878408003206358505052372594436776840460956232918549657072717106427768
2334210215786361143059963413748204876779490548206612219533917409327682414372
617495433716170179293313695294987568981094995770899573326268510877890730118
2829531363473610641870914938142741047074787474375327736179490147171223683421
696186946384253965583249333990921523976146816022289701374624387890163065114
3210320344679371243063227412752784756605897857659639252328671923097433982230
2368641808262637497076088941173149505259761095756195110811947827439784610248
560952720509383020037545529313014842076180018152629422148761006170185461613
2150857243425206194686401991676122315947029748712023493215106049358825918883
2480666601910035052577870972055458912977199505096662242804914407937290703187
1767368020942425101238759480106449911049639927293931281961984668627485524034
1409958089104463764751883066273934101353174346024631152591335714715998912856
758120340608738634047629479134807504554101261524409334796271395252644950023
2094232419099524711493218691098548599894660081948966388491523202599286201971
2661804201083149225732341214385032163537806577377599478983027815711659556354
2156862079760433655386458402594168707948077400481538394512623376011445505037
1421133388356556429076978318997853708398543402271027595897562819509554814856
400594653621834792152212054972991784656905434473232510977390420544551950969
3268013271408786829641538738640788425447767102433318464901993924974227167784
3462745490342255918061517459438711837979261955949857017053567745820877271626
2093740075834029704157613601794464959779230952070704018862651222858574265900
1247454449867120280679576215068447551485692503086722971384048279854728119456
3114721186595144348371460865789868890079125519378249199729219053792452481442
483646019649239715759867493648085165041604927463743546507500357484115889415
3559738622450081350376747213224669992877051440105066515647954559612719476144
2564335463604403093559339484041046033938357243164676880464111459448425384856
2783836269780212304765245029597626433276194053272093288719054859162919473645
1920904382470631230858810558318889793205376408872560913989333929588229660349
493843871938830829974935768057193509328400013404643573226690784180941174450
29784197681598555610878313914625210003107158652448208457327651589767808564
1548146948480585444681992291864393525957163511867804297488038930219974153913
1944738558222691822137772092828637445418724957532453768584630017638245784920
2955382926236653596059717470170485995076283238199718043964665329297450582032
619818858226829426703113771178583997215630317977095063431160876707393503898
2758615871014579313281973420534091485183801169494718236404362597244445227599
274840307592116760475298554232146352274859028604456218791253427162263308253
325574453413002540017804431411809910363582722246818269133822530212758175318
63655944089196752029736874883049734537470474741577783000562089565723165304
707927016121581822108865537687489657246179621564835324389610867470489880878
2029246174953410433425316952390047301334160778699580516836470012227105510586
1059334790742985089152947342682453206775951162036696414084960046875704170498
1016474701510041847983639847186221798033651299308831957325306623417809607889
2953496537839312059210153872703508370216941909439110732082880264387860429329
2027819375851789107723947737304862221810917621343435029153468542243065138199
2760492890941902465421699678812199237678269626748722647384148840673526369104
2874439540153222085279478322459329996786854775099193798444720871793785647553
1647174438925315557604547296980540109143696308286517975500011772082273977619
1522883053114599276250296529596433763237857785206695133048368855022988134352
1261514981130925219409426669704821565018649336592221875033147867130277265077
2806715252707567128580350445995000060361243122448087827331384831274216631655
1038909905857150584809232788512926980253019996122417480718783001096093225286
1387283905585296800041881304338987346998708965430101732917589727182826069391
1472222648607455868820773196905952149239942192752598807632711100472314345822
2291780972154984995496283421170527121179463208835638663751516098184965104204
1002971910817074041871778608700376296653415369683180895054585601432284757777
874824873408741195474953810104155868958014676682959109186480915119272316161
2761184322031742706477875015918925331410745216759630307532768579649198762811
3293692089469891709438596627853537619245383665692743274711276665541169331445
767660151423806213652743438799499609733219746650335644610952253362033249536
3118635860090368710161365931533079503233753231286740222605221217527556476103
939637662097847309886163219576897648950409780132635728426306813411440407828
1944720535552383202394739909155463158661716495781858371544957109509828309265
1120553499497997545588094775177313685002771750149813384668780949030046899795
2867515492053718220284216994686525237417242551277127736004489955453490318935
1737299616777723031778110107944073848981022746233358686325715095377161151173
314706249566408060400065583388537346323498555531550556088899901033266565174
409918240081903668816413918398125381905859447207033102371758279452004444211
87407801590085626415291648539902557607750336224012869910762651121110071583
2553128077102281927615520712340061527235155945503246891337961398121730178093
979786570957849637758747667051962081079125921406929414388051986260433006349
476612798617373778182762271231153741083410216113339842488895336255493122555
1085947276323087482266043977605967865127942073916138983394031713675720748318
2543531371337674406678141673421543525968572228314852299718881199212977271984
3426302921404656972571137885429652923940983575394793056649499961029435930242
1039537418543161642175418290462042043243757281920400742441294973967075766025
393496281566443443989886704488984230607417265576936461529561075799289741500
1161079644739175232221461007069174792267807590606057281926782822238600525139
133767275323636964474723713073711178011512808725479838944609842335406822154
802144002534508273036284373500067896145164600912981879863341730482145371766
2083591233760951893801014841475864856849788013396647905709956894646617689999
2826558506199972883731964682852395411176371318339692795734742146871820325116
84992186386004291104992102059069240638571393431514791780964271716438777004032
58114253120623720772079153519778157524210068256432100477482555365988780474368
78211100612075998338787778856602011983957119162750939572785742089803312136192
64322441230061771368742530586630316171410108693490343235030698305199187951616
49560324350848531399962122037538237364203815643847065730005569347473333288960
113312303682019786558571507863888024307793832816120975856221542279646602592256
95016531576855276431890034870711273519546822053927777880619012618442019700736
1083696219788531756524637509642053681399221871702863434460924992137971811625
1475525821026491218448703570672761220282127840905723369322591884832032565652
3587028104738596299961756493693270814486655876648760466351690975238969250349
3234562962641286515143495625507564570328033405509672581997974329465490837240
544610607679648709542656509991450981733958013031659144640820171051714613654
1553870163352641143700630401315186119679425018718220366190384942466621561463
3320653042734284439875735760852669533402503009094644902872842396874951208206
1298210898478760255694943460749694199378478285196335578325292186376190820678
897916426954872585229849194028591745090054100898457819205218754733646173791
346672758721296679941782352736249712536705996198132091161382219639437279978
3587095794407876898145475084519933908498859986939403057447194201755279910104
1749228671285392412930936011862597835661545107492691987177076699806804437517
122578122435360223607685056384232160103357609754745995382276851193119699179
1525573428008321858942424082686453634669084332892747009116168958207219508113
2672172771988455359719780819775445060604582605787347295750589224673823584988
2250025544933524436927753453040552193316314348630950348608778283829875469616
2252810154659512899493652989979283241969829289658628853040794603271531617489
1282255385652968220892850008655040911543151192895417898620345626298654637837
2413671973047330670636947926609828336834152983902351099793695291740053654985
1034991528082083260646334967833514910652216616687417609936203563007066682382
807547340931263066632200751292715372005925347802241596688031866847979639405
3322917185961489914716228548669881192405907697737838394387897740178660920367
2549573165800141928205008551564888391076431056089713762032437077303508437023
1339318078148732833759052087118386597274104486156845137303798154299415922953
2549950569607631470511295410572717975260724069582109612978798889252370400879
559616295975432553378688800267980547807047354722431156213132513326037525178
1018055236010430316578147074073605774242625910834222267644182026535423771227
1234303562033724482295009899440330884576529326361446173540127625435701876014
1166218451542434105564989674452891500016507708159079862408316392544504023561
345077285375609344779525103417585929717851702497000833338481558494536047188
3088181840088024129037658578965017419981575357328004546271010991775784355454
656369521900908891018473398665667048811213651973708394024673870466291068916
3285608536478483983016541846200720431170712613445495220118248491812090263457
2366221629216384813475210475532869594643351586341281875435161718019759418697
2345849979397910344376976502349818647499916718403790662213876859296249958512
1733626244361254983058547963596516225539932028788699191953501174096004117414
728793607139374335998439133582341823582322064429258030802252534281139587921
754541689941098461130625965729666989326199121322556358516761809513719100253
1493447537667851737580222876926527873956796652056066986788391818209063617179
168280011353238203163519224770735166266496957605888398287687266216577600251
3386963509567490004815438354622617840961908854575571750018098901183676081651
1680985442443506486116404245656414974913009776675600134941952050832930240579
740443696633705365910714396407385561226384594705299414200575037657123618781
1411818913407950549891464282384299841142897311981924759211240712969473106004
1012486890939731547339806984105296181046955936096931581683618633968239716792
3389844749990645901837710405847722359493238525915880923511294776624935789464
1089792260036209949558645309238456668327226163236912036511205552454122749722
2430585292924686023295708606956526425746324598656592356438355826738422872068
2693558166468942522956455755344662005715589734950693040698336640032500669089
3433929656293300147144600204707043944321595336377270705101754571210968511657
2024799280534171895842334111559341837121920988860290168356891878220262000697
3337606500913661615266622213852618848870986919028811327439887351859901862721
2789495332548981244661738237338709157100663562221635258355497469507520119471
1851900553018208144063197781094950955770643697933001009073332077796219138482
826217496353479041272639320344821628444685041496336684369382542618726641207
251962766189563586405259954964499206354996738455254991670458967184742082055
2637199693182968466943486104743670741914222339681597326260177154472256476883
331007443989245344367583601879171360101608819110345161161536133286276600786
2210344767161386588638078105880003663156341012338789468188975809278334664051
2531759480320602125328095147006261859801989946039690525055883727200636042338
1064707439542846184432073280086592478289954518790015884621938554254374258269
2708813604601529681902629047329551664304405194484553973091737028504973968939
652029055888696019969661518006729484139667034507288323592522204085638202724
463662004075826280019107354986258711097444421677741020787888473490060501789
13253864157254277608924181436440050830982528348160463969558365932195
10664138051980586826759521289669404309848119594292634611810061774226562240757
94149812392918820486520991879627220438352898836973296103125172945122375130488
51955647621852989578252274807204240035016524782573504998832261875276877856205
30017072647382145271765849989034494848205645799369942147785213065295189521736
25903847605928912886717346911077225342322553749012820783456322793263145609922
85272459183712437074497162958596161898591558534059791985652805610540623633060
9960184936346000915595207355081061901625598093220479794509983089859266090857
96268905100850466632318363536241978675105269319069079985144805090458236177154
8969321152874780141915907267435707861170321215588886941693536529617225078651
66987314119884344471316927025882621486833842799068817655932229782743269160134
27520535054571926696065737454186198516533387758965498423885324042085035434047
28478982720365082125810444016778000779410112935237026918661569912894548836132
42682424638615585511965516346263905190851201681887696943720774243110360686457
62323425665290046902094329118049598758262482854121928386236911594566033931793
96732798121803854909888665945199510825785552215818447776045831995732821648956
92965330549054051994507149832277190525153111175660772071755214239011759023277
6295998598098566982027316868270922945395718299422206319593849468863941965201
70774910506470066915683025622863469171463051348773201937915795672621851738440
8472430774370349089110546983700294953864832657231376880405034253530596715678
21899879217720928036939200609079839742643698773003152886251859460009156020209
3180404303538880411949392873796680152133812678015242680360697955614730269442
66463666092087755686575514092321917459379653027862740192376672436856944288402
10844365508526570018817853186384328280476154613309413159526416404167621164933
104026938413038402801237313666079745374804768692733652293519117084079649066672
106399372605376284309117392266471349975425112506661810793727752479708103586389
113065694849257734975397582888115554912104857949001198985634019843806216286691
103808012873576767242201793252554812109242723532324472817001152494962919252687
112350200134495611651981433533977563780266208280844704284790501743871160507028
70028316638684735789094342645590125062750023405456108993866618927429015775498
62118486057328765688756242857164713819031155833602670898611206253320019679294
84472605849091924225317018509089677434414142273280339892332675576040655205708
40220241368022151239414599359672947348824116964178489354779713758402006443707
81077961259082096585075962284631784944464884950753714503671286840615749613607
99460494950171253188733380943749291440445096532998114145779115985707446867416
75873530944341742383279126738531709098536600867848482197109860900354515678783
63778669330607771205734963614041713232769853786000467944638787310909770217160
113708233043129248734677363289396941462545443759965224418541117779542705768865
70685944348236192078328848394249480530015779136160748911983749945739719448880
96258712295703898180633932597257462950938768684829997379593405093373575391320
90128238512484161520836501701536784637986216887415160145913918814950320822931
87321175695160958322454330705211629026890052300972560758619558334123698424703
68564974220377370041209056353559610354909047798323915013681034245855370059089
80745290954274690535333501061737203068335495617834738550705395689901386116472
66553899246654988890808252996466479218802896455060780354259607207426706359352
14957643792565587831266939618192239635659746982840796851179614056963608035202
28387908588001489562269215301014082633467427834471070772633198131142331433543
100578075716056755900804726172691269620302394477956453922364549311485754474267
70603408033829966455665389909353431377712041600799719947175104536969662384562
81135226787918660924571083586058099045511840594074824115762441463050172718760
74374679954732822792451060686369750511875111246017186597079643888413234033771
69020664279320471852208767114537661359458694505752303735843467541398808040050
48509116499398443266014787560495974641147049329257627560808026531841387953438
92320986922174242729469415871345046634366951721672225063490621359657337394181
18421774109552795615511870442401212979383630550092040616564205299586433189293
72241226454669485388362882983217994337062255224464109099470080647342778761762
56767673525302367874523354529023499979606439310606868597695408686811502343469
39331213150813967330409751221776593713026146170560790134083046264471931045443
73549166410984718021934907637620626846429579762868092714783430647001732288347
71254244810805366613355626433393681118752393881192476620653516244444019120929
59739036248643384977607099906524727468775447762662646896121565869791575718506
42675280750163884632209126248592382739982588571335604855352520472430807712497
31320705757981847153095977178596100260876099870153755019822326582015255140797
102448245325001667332758636942521449929102429789751039926068419945776160383755
50443432621735665173564510020094107991411143762960237544755918232865959262323
7095725078449701616937546414014558354210883980651752888785966279761709315735
25770407933339064402176712148410334524150815420414561802302456623467533883758
106642505065897666676458299612165924223593133129378327150861325931336430967890
92724580663848401364862003336855058484034527500893780822354575864083500237989
47723340348832445564698425248383371862267088545974350330245916948773241336771
57185496088041506696347288454199183977848492444617898280387931298991867427953
97874489462851929500446144973984481928922063369340544381796279662489757519146
17475602973213300976898398853191739833061291884495628138151579638604832625863
88930571744653211370807280888424045626511689742286107396024623844926524621210
32392448989945910209830592963185897675388816374365758383635207508772758481032
18806657656181221988686312911786744141558115045268913151078681215717773517288
99507749887691809882911991302784547656172791146527057159755869202991214984667
27216222764626352523732267631607675960623506083412333988469618953470854886448
62567642967702147180632321781633134341177271556831567524924778118566851110629
47630709206327622561878517218790392387718811262863577622468978688453756812401
12472332617525530060414117580444018989058238844978888254780378311463009741403
77965797338274485954761029709220375702560188329545492167045654307484888417215
8774719547404645108214405771661534077444223694648700562052502088471754692902
47940910061139582466795958298746502765658549322731344756626817312874590601439
9842030128090908233385818683533121471416237975848116847616439209828830774390
101026674096199469539233924783744438237452546942121568583997622213767080431070
18848744362608973676537301295897062665587167523672131235627763629312252360688
101019579654828460057539706201617045454471562923357506252371878046038218614362
64868271016576525569299449230510580241106269173153242686970176623683898169841
21461579720675863658634521434664210577327920963394554838859335259396854521493
40028727265644950799909035084174707093212989272961605206398215051948931734659
86196330798887400517589834402181785941381275009269953975840236771320486232916
114562856099666191530210405562667683105580282473576577489286562258988759605243
90190832702935638364038752004865645858657935442480235744812569981236379532972
106827387166858851680501554750828439839432405033589840549173983779421981658440
22930330809418186884164959577244333695185737855193201602363689359726542855563
108773205610264384279716102209625925668951586856077682403406532677239918908047
41247863447372414870001268367641012070353293398935874695606229958261365687947
106340365625047267704755171608290849370812402088155363743676057839272707281039
77656579462083671256621060800939716501986629929435399579249403066497537689663
24878292508046231513963916268971059814551694697660662888875917656535955567836
36949492648338237048361929353806150696750306260472363740876442312765643988651
86081183768683070232812542238627939495775625555450960616690336444149286701286
11065767845652266520086589874737929638865218444975777318926298387033065880547
40058002933654809906624234104322821518313079103229742932724986780862260871048
82009349586291313150561075672189005146438531731438891919265047173689641724238
18190900883326961012237217673500717796872972122610200783648203439392614317328
47975575307114923232388604533322268486122604991156012488594788772814091554702
60448117029083335354084468001191719880528490535531376269756213685366664853196
108132060795478490994530872779330575921311119042182191595316629163017559248207
45057938847924096082842582568496427646063669870369699216749176250980577659138
99006175611653112756591138732533237043134576940995926746888383466761052234628
64274556045256915441653328137979168532162900591361904078653925560119341878260
33378034193217212875915751005912420765707143508665123465837268098121519757560
68916444835195136237785621318475290106783290029489602747117996389162701460594
17049223146862632122723585695001809191275630212379944775469981259568557965123
113059256267465909070368363200036022706962891407479506939605150002043980400339
89286091463843995275228756694437395350917667005355084010006780662290961277177
113913560687460586982146493813468325662687179289228754326669418481879301681065
72158783637595693780174844975770809942018885658002361870293205913803240668553
75778435613243028432923780258498827741523033614048077651443892881475676301837
76600280533521873900504468207729965262197634311968648363698593204950855920525
45682826500269256039916881537437885949401885301027115435240186935162238755648
14788863324515218813458454645466708739698693116459085690011370544051389675480
47332263010820401948137116991583555841589333660033623931167028820989268730413
1523625343856037916972332666708241121558563291365469585880850396259212771649
93853459479546156496108346418507683364525102636891069314952091850190165096380
75584572325696809741265697676898839030044105552716835931799896723317456330681
79851777360656551205154635785831860681954385879701830496407878791356792942427
92263979179183952563650807957169269127638230267887195901244466611651565093553
3328626118899413476052950833022578330551617103710999473245678742279533365006
22986268063760725481983340685143155885232276676624794755269206280601542631705
33471399240546116152656253782765106347231724826580922407325162440514730211498
16664061687789058553005821978533887327936037248329083978531449557331156712703
91560314783730630399021705656508892441174846510740511271175917315058873326821
112214204512388917972209297397734559838983679583250642738286573961748373103220
50018200735572486507775279427688703374862066921080639889798411742940978087235
13219741040476168112086668769788176656440563232459346212844917620301955873708
100176291506425290377271977694128286960930634093952210743380284942317222982300
1861729388785465055013651932637310042046210274607393894124099626087557874753
28086704496096704533150894645232537294586899938151024772649611330108372497694
113999036911490183413641107144703844347541477456267010367746273385420047745178
85769953779583964889901531085313193483261589709970752895254748464334584535567
30571470830498279064088428938505071252607190037592571994325058263426205149159
94904827994498467271018963434988505033082310960578523462516967695473101135391
83900227752028357026261910669075903740818147673938271394091876025469611182782
113648122016437359921492969396171979140579399477463933340617882416671721155297
111446182181052138393536195187046941974299413857697627747715606987282297055771
78807724341891599525996775789309730949390901447094602021351821892195796983597
113194800965654477310605787560523799583135451187980730052283855636766727965860
105917666369507838070896095057820051542047138843842088428180536644781346112440
47148505181052440784376902905449141444539797637687736597391722188539323746085
25513678452299154190987209212123211074987967986129709716343276014222730954267
49335296494297043864437031643276100965131272617179784616312652836368799681291
79333108013496004085911773562717306018785079114804114244798681968311096336174
114854516645293622398865563468577129588256739080987947571890805972454139215311
63828864523827291000485064948272203133806708229260923160202763345368663061444
55374651953652015435562512185653528224714512385075022356541041500228446211818
4950666989885869054849503445835252700323256406897489165876302883186149704534
106356818205642255735009672735624343662765173458528685748081595839771737981923
21373015841877881768373249387728789436205960414149863647804318988011819310350
63923506191518987820354934306807682353759744111512950190808747812813521487870
96819147075755748118897864937900487046364215373508351610192834288143004414069
79521796934026433483603024330027791661258888001958755930029022199723397724835
113094921405950646647571258944730248353814618334500337414010075053886536328481
19116947333605873745424711304678884464949380399041312235423121778473576449967
31575059833382068184925667978810479926684873676622892861713717852605586198611
100465331222481469286232960968717398465437233586545848342038961183446862079941
102259094427658230050767548814875962309553711989937994764776574544234724194013
85708727894482569442486620638450901070810118018903265148786698492755340407022
96021861348227609097398056953184187459004925096315954336577124578134194682374
78690527084515509172835208563098874383207207184247318650824563001484480296130
15603452390986152657308137425605776646387722967740361173537394159497450192051
21143658161767874340688971166657669871906229594828849883836327968034467620695
114731039547658701548773175484664235595994475231100577931054310333716017646099
11642425742459517171307330920607624271744173929282636852350141398458499267068
102928443897895367836580369766743488179019663051467606977525269983999396920119
38671551534427191334342897907568488204654292454565302198855986149511206911081
61410818968862350750851081770386207576445096905749690166888572061049301332468
89249859635063537484167182519885597621229615692195738664257108660712690378181
81931619353648662174441459082327153727582685275639799437719384944795213325350
42349245303480859598182942521487705968386640684434485201495894574336543962587
86418927211545324519949456271632888087135297313330474938676300446422108546947
33283326656807773589461644977383158480993234090305298253909741582057757980140
71831451610624900814092090458388991593880844643795834480238254553986722251357
12973227448993089115073518381400597657524229933248986475811018251485801883602
15974149724992726421247618086571197721871000225217481682014749073801562161596
96810317385699135950499109106161489641733756759137015983624184469951712959269
69899796306104355328393482204025142309909931993226438138547418683371293073910
37449651870437287623538214633653171339281632284618225446429636431994097480694
16728823850747744408734742442855476522214090056307296400106252703677850633477
62617935042371397591566387031913668992562775250495244045546935670191012954488
107541635533251421391683968804863080571846349771892206432181476744926510038556
37810319635050718915703453302691551527316663458448898950297124302626043529194
107191183241902074501492926804365402847540575732468173554980510918776107103601
25933739891582462143099791138913937458799970568364874059429278483624406643071
113106150788603217785241375208294253507011409708108001880016168035866823955989
65971307436275931245751389555956600590704585408888254481523239367643532283189
32707638523347405384971538317474659251249364273684629157940553638184949421129
63285790568528657368736297555227227404110266241897614864092271596377182663760
55449563094067860029600263747462405114049446366692761395444606124734340294667
43694043900961900240872416722766063000635289621762251463512956402000138345671
87444194813264975628974628035108061047271744410509401399278750360327856246613
86333787072097839273901559021678331601911489685951446244943069976274895018485
16168002855663712077437197121371073763116139346435520155908548913046675037193
71022796887056876313183680578334550200656250013456742859200317484318441263586
31000937426383863572385626143916274902519207121859659080875413246288081250672
110826930122449549088969059077396866847495248337083642464074536952761178542442
6293510517642988334488184479041572746774629478973826441815764294262545277307
44432130096555911716950862090570931212559060870696411862503903771966103086050
111320968697396481598903428118622205833203689751990799342847990382172808286075
2302377875503940493044089439528847876469297800501797151987331995120429564467
6955376723420990313229885331763645485819382009488950358155048767493475422013
28941274713144370302518844340238335075569548000632086539042993939019315312043
63883032691897358128368927462346384414392651066002370065221010507953654720021
70293709077816079829339597180392791495922187717641062110932029448266113721644
87288717255761741809889164152090259571560704824465287509103448038046941501138
15432851211863792638429637430280984879682452699627974156935261908705970753513
30271082221753408483446942360775848240879629671332512712202866535748101239714
12787316478172148672377801405647337089856962241367464860216213302514203614825
56308702101440001988805255876244375016603191359425868066248126794031205520639
90730214568109407853964347037056061081165023623862747485044650520744434565335
15854308486469733748001013880954408709745862230523769985322020682305973201388
109687731841219444435216004096991976477318122562110232698846752879862130432741
83082432715199725953444089233424085566730995588231668831917020621519718244907
19378853722367796052601236758310223386919278184013196466263383870977536743784
60444936553692522614659237073675628715670355512571013196847782851690343733102
51801777567190889306644735538150150518785206760770762100307515221339782083057
24349806404953358316676080929413264720766598081872467112750834551170197449810
57347560094163306572579772125591139235852126598543486291681192975279902068283
19360351370978226238038486730417673513347104592828003731156298557919372567786
104658918978631823729057626235613968808041070346595719450021408922437308436922
12860282999693306655360904353896499767010853080468048203494672447627497425864
84086529565654396095781082755797171070467464128470464220408229532195675575351
1682691206481468261133586161347990477424628840851582737628585752651275029981
38766195370958400686739311375463097350573152888420504323610765277862301896468
83638402107332490531991780215401720013919442542960474415813716597778588616077
6403174731130438629694907401213335951820676156351707852652561620716663309399
90876812493682830830861606425072583023065644543279495527618340659135465989444
53157771904745332254394717813974980187810383022597940307420638699303048672885
27147230018808974638300049107585933969901077829497350572055842046497469168638
23285833294911390482079296559129528627386582591264337001706028373347944361594
35453506089492120760025204157396449485358419659756588789449891777217785236035
9748595664377866977743247793729391591548663659137672608932524206633059477251
98201943762007633675506008821100910069445206914771314389825195221511358192381
111201958870845350850895650418749011212744085071268466008789808602760207340733
3617017124169884274085204491250644026773406812181296662806009987180650928537
