80722119380678751423198395783156078508798472270474555070348546675379479248896
14356200957104004007542108291694744750318419029152955959251287932637418618880
34678341379758168362905034286556219076379839784946669498055387758799676768256
2608393357495736751254920547812638539472709572728486097472030949142851871497
1909961880211602410928241732315493048381692045212245052570761870957546188247
2841578882907531941238344800712568421717481810275559462807618467156827963884
1818327178481230497199595830208811040509879140795650273211622745428427459885
2509481202932457090215079655503504521059955430319325773341208690354157103229
2520734755296254879403420759473515132600527983003071926933764383632119627201
2400274622118464217668400524640724542044483160683444638939669448812128833662
3189186594907848931013308521263013942431547231512329261727096787272797960927
467550827850711175663322196771451570723479449806834584099495167312896416598
2733009728396157107832135206906262308349088880346797317347134628594774678987
38829719626414015796705425062192874831027466532746739678282401258585554715
280782857603905708494644522576039298721811815010570589756793840488220944515
2260405936934715645210897298545860701628062409854310667312078912111056089609
69424163784254663423374959056011148843374204664004668722157947256611734840
2767385967968422094521690226922684881615847231643437385747563710476254322765
3434553757031221636207941000381275089783398154610459210893910176112113061066
2502346240037788844760695852108770943893587264849244931319201946914941431294
2675218069675023600387498348291575497222875714376926543813107528202297095595
769004976306271236807306360108811093392907538203463785422699374409446497770
1247399005927527861141844360488932750753742462159516002841358087118403121208
1541972579842500490751371667145659721045197077456448494802558654081742665604
2670943190213239874862267238357173044058500125909381820729097470821883710547
1052233916412711674825442718600371446021207974827528415198398870002517627481
374233715398945714924382268360826731673740940885178631200893158840166288539
3523405909717586734370257955035304725049563639623007260999638398100251481546
525734315737155392405722262577277359656610823005892832064926418267577559009
2010418116009387741444152416646615166775761674741837942805401301820590918644
2266175075178018808024555723273973472746607471578648256416919005245807588199
877614789437166816560342732049976997875839265706273750332590615173669140698
1881759906834998940746123633124660504289816036523424252896371195828594584716
2341880908376877973222755084402692467493569620101156921117492966731712468873
706080049987402162627964681938441761733305303463981897721023103296554010431
2423772722033942647121090586735724501445312641446224423719181035401467988334
1079167675838446422779351697640818601964253834139392278021373476540865678076
2238872151018929341060345410838668114848010566092414363069708225888957444772
733363218321500813723617057952430872682556566466534011721920434901766824337
1812679033431816037095429264297166999382205522613137996604071033536458103317
1599989572901980952337581179188077335833660582508826981375831988414052862322
1939537385867441173839963343963188453627245242016318393468543382507088078568
778439376220537217773520847926685982831429171021783582171182486712442158491
1002673807423936016472764511828294639704640396169406593113384219146986237993
1000376539521780922942549070387126768856007182218738424684517848399136787154
1953009427789955898449080605937223313730465769258574551213150049433639750123
1112449637531018085656429011040075030181610556748314059432213582408320586106
3333166508833433696352994112767975939316677929680741372136744920060634851189
1472442949216124167703024382963298754303013806394920233231113392294454751833
1565254253508845251018610952576451668441201121862595961172043402087674223573
1389377237075632016468631266146923779303485897277259246454720617480726565972
2797658386781313503608998128625957621427134235591807790340878850197031187211
2397820217675972152934793590603990560526767840116023081978809774394013485377
1946003864369168307873925175640198341340362360358932822901735177506337600996
2364340687171468902829531178866452936493756535332829651561849564402333112687
521294887814788282148180297141171968084341375141358692337898944497554381307
1240905460201741042344932038140410325257486993158153431887875263210753714884
283824346896145770310859639942944561338844111378354614192975107582766367339
3251100462524552644467455854180823159000762123064848723607303747671078368780
3191515958376574343560222407944468399848641226157227830460157087399348822684
2665474171797155901265367859510816938696079671418464319115280282513892096856
775557396097477254824894381184505219768018895106135403603751344073715462820
1141766290721893654391109337422028430413409861500635538577413233168925215964
2654962828976849738875146678369830922814718168946184122248663481271449586626
1084093448632703115036703204078996802905013203802210857116207371996524777154
2089684772323236743892169284946623464092239427604149468183964178290897422474
1609436257782035769061898059358711342235701077487346926267764839024383247339
314229511779848738258241785557913323970457451640676278769146707661351088282
2019434726583338811168129341887023588711510409947337554968856226830631024739
1835331268267674487913988730212634693492451737796445424493999969211766498417
3095861096693087190079344519521308545912834794709947352969858672807206980173
776261407637921486849473112309070517142774185460624029458265571544277512411
1966998094856407657639356888417772168085064083678955072302965303806622821225
1515773123616837721576393322820892411611714056177963646321908478253293486814
2674788378452460255451295408192355279994680984523471011978706819460959152378
2556433141228720337531814123799810684374742127638081974741602945131225413294
678532650246124238932172018058186633784547755640291296118508859696636507508
2138389485412080339238789261006128967056954747651675682020806133128263685382
2723668307129236335093905463308386175730861689445612279448377852708258983357
165980170802895701029551175104799483574557677028302147831002212827727295800
2035981518729092236517917098651814618068861413465566981681220291447396021422
3030294886936959923938579766640339039060653569297115391460381156330065795107
2624220215654079220332381864743973154197960145896569026812500191449119175197
507990331438189746938313807758143715431914659027628417295057103999018333010
2078081685181753983645093463664308039992916525087790451916938804415921474589
2170695636831928417196986576326612508678636261277989358970037043096461023226
2771344826517241841684942756185748754567935746316555735118108497542044501136
2295647564892696554217623255377714946991077699469389374355407233432546716034
3021997828285069714217498286349968665462021480291481856783746086736203434157
554727409830226669628953306246025139297655404384325757334152615413431940758
2556510333017541503042714487342228498157637338040036945565202886051137218200
151603249258421798630733373326825043761508967621950717406055132529866262254
3413701199316113724576660094774234495318869080284658621613969830945686326938
540054184449738416719923609926710084305084130892378456550046710604656443086
1592635870176674593016784183770258348794612687648783865352720826648629110141
2968717275757765862277177349695075992469999366621356860265097975413421237797
3321115897772517114032019003946979991477297196778708119397496385267651766868
3277243319288295292342582227708260745474350950637844150522284275278329241502
1940405944412357043191445691613740783955599800251338100481281355018642185780
877208529270580693232602305773487315406394760292512431722994403775823095088
1741608381277482796435872741684445680530350377072743005197790963138071347996
2613640888822346678329455263561010291594367562734978027736612293180251489280
607994544761365943365115122351532363903274780293338220156521598647036424261
1569938131199008584019220346256458216969461917440148490810777378906929803066
1993062801944369338128205981176083508156606266746696014205319732142783431053
1724886937920691375691917512146180133129132597641081636282043712213616123782
2101781258906164219572195069507966773876796271663209761213317868342704531614
2178295950210766741739928611077573517783392330968547268158390602622489244596
789403207610329433892031809443718006966723119853444443254766741945650884539
886455400946852144225992751294171204664030933978715246371969726297338728632
1901587931047753574029307759297904184493934140003392265716329578274009133475
534401192328537399900096901200005803066233220946977640702751000759524657722
1571162451292009741509554302971616696531730023428981888735397242654760071557
3599819885790173209179199434496043464567913693663778716252223621777322736402
1242337041837218789348405981763736935377864042064828787972030844008146872615
1059190527939504235698165769744434891912371079220219478470577800927565303246
736129640174831401583765291757883231113015293617393992163564061972526271235
341273258590963741303155918241945679010250105889627538003818918374456663064
2356821378498633785454159361368618699352121065806929661839121220801354226938
1998827260720564906325005253377804871600748871203359932629427903050880167306
2331725729303535142294728933905831937037860460424334800420283741172470298180
1531510148790203591524923016980658226963841931596848870511162407112224014880
1768877008183898867603986576021258974306930150333246531281902618380349146245
2137015260669615715507829672099484877555922850426286528797752314216574563396
564824841935692404221794783157211525307099813754995638163171834600071843376
1732659857375046145869822444649261783352454526849476569667217112727099662382
1639728622209174129093305674391205424271982135414458252802120857813578200179
1208139766190632311608760302199447158772699048385162264030319558180771320336
162921200887854020061310543637936453154743811610190656731216732543922778701
633038894209374574044216581981827208750298949235045366826022989999595997332
327933596251998055430514204812487325142797118931918141496211125388865673675
2061542466920815206791122878570976651262076073204101562867192225182418136320
1716647443500706361047642679251041994784869011852675004976289929841265843003
842763596546641592686368507945836800009860245318116334840627222255533319092
2034355889273981033874302659316615330112104178801367763488398599680585776303
1433906618261993847430534611565816215816486291767395115780874600052963526534
845798880818300967371559302089465927485937780453912822347827989777801485933
3144884174206417565966956322143297987064908345560359375418302258374451526080
82617014127154364387139918375698329655812894484599644627742565882693293178880
78105788550416806668155631174839195191916814615244252959895752826168851562496
41285223909079293711896423778466099869578143916632385134871852677933431783424
79807421264472759636176461054944532164406915711785939604412357026744186699776
37868907431602704201785569953441314310297562831536891915634364499485758849024
17931320314419657122471296750385124615089429833420775575991916138105164267520
107709232237159562429612592646332534895373036866525666110617288788080964141056
1094021113677462638171325191591769358420806249693131717266680937246905270264
813386649424076792125897490284920364268044980394344420655540839187097959180
3218022181490307747406163347892603068774413460004400286791998870696392833898
2970127130175761524482183595904563114639034996966801077912976131715066984448
349000964048054082359064377329912640482437693910263240320010970136503429604
459163722806984335176008540098284191964490306433467656497410673352785007304
1267395290917553951362573663868763004140981629581576836996704825246778812535
2426783667367705261325160362855294936342725746233861550445182512990499717320
2409654359813924194610111488956717382375461949132991410158930659476417449950
3063064943092661543852630078462533678187155966008673077790986793802931201350
674025225585776079951399794085407294130276227707557901530006385550505797927
3028428835455393929634099781985743958274372435140866104578156903251867327418
748919220756363599843960313324148483367189976559690820008422690341185885236
2314419584013471268013751978263743444192617625260996683529900543988879382844
3317588421568568131993675008935738250317996598432647196056948661619710634634
515746433605473559169027212522440193829375729911992883505911282795781997264
1605836557006793924801321725639163874956917772273924436531234148941912601833
3082293318306261083640628677721662769612744169702614104960009545007864507364
725950017523775331602279381223261470378651406989002009046073525484943169369
3481076202593292472593648570389506312216039482681864884796524300020724326102
2244694062363322353745260071999671484967194886456142445652045869279967634004
963960371011624947098425503396369024884872011040218166798970127889401212664
2861767012169145317626568265906382211203657190753246465801825717881994802769
3341913306839721815073041278217824450069838762515748802632971655052664214320
1920202279431233250390453594886533019526210502894701827621744324131345563195
1155781252259354111372628428467800041839675742105770688083564289200442657568
2513835974711283161490274837269537755273856739943998420133881048098463957525
2269653679781913186528713978435438947743641438628557662901748384909678122210
337839870839471924559464699728802873811469333310933722856910460530120625715
1244969360356391644831035668476573957306185410559275927655500951943917701426
633032530772990265697600196535530905402490619900694736760848528492261679843
249699148081140202375110019422762688784315816571486220205699731156728041616
689135664854104253693234413551074739805415122451157884868071391290887473682
1222421659939604968866454647359562871640562388403980465554258566602734141068
3057423913599907949823895195602554477344447181735592734197671595604509573361
2563368362403230220069267092571717933454215743500129487955951498604084626195
739765360951281699604728416881994125478759903054699244701233099557170800600
3027393037906414631479152631836424403983671352562398791840717869036626243753
1282771681835060769929857946571963178045004449749216468812189665872150092706
2984486448735629483496288144417859951856396540882251225382875702627880045464
586438280339903395457034630790171313505533264552787854497210508160616231940
484757298406564138927266519155593244708100966814998978222218207732844472003
722665193579609106092478597509676185682618363290676934215515589170887431081
3348639617983145863770973889321183137119384045641254943470041300537190698258
2777316540269498241898957712103817533993228845227477205005541379078070817227
2212234527838952101586023686892689599785108737701294406169435848504562721338
1366095457033021315053561147659713444974418979699267129876772993942290798969
2105477228297081474629884150245395258788502691165852894362833268085384655663
1044890867845707873280600574131849945570789348828264057922030684760902116553
2409278819276058668543038931117502829741787049869552722808891490686526334644
3573969677002624380847939534820857073961423367818775546657954248061361230416
3597736436377875791852673628711978839027692427420332821368011242148640145229
1279795955301343608742624072447744504932662970594719663506522314893476435531
154044216093276329002754123058965388394981890232709383962421795955734977676
2789945291032809746954663756857952446342712413319889712102565896392267426502
3120603174708335025059860441768921898068380374576656589693359605575825442145
3159538638642322953029752808618792985015802403212184651085901908978362258478
2184531535084737896996419533888469377656904400797346981150289997313991532015
159453204726195438407645942239399023127134387178915537585703947590079741566
3142583151952611037755695739181442306158481479695866646989330751064555857866
2444841725290356402405928251339100675011377089764365218767467372495915435124
2189245109399691136117037395968084150599185845332366146433905821066062918849
1963533431411609954054183313705917488541927934846731702397264097082402060354
471545333921556507698261018609834186536446300649336616693544611848245211429
46054059541264526933480896246386173862003484846113613451269852950119
82100757808476911243662788890462778865250953253036711624797057792369378661943
58582842651727146109517869489493880879511716625535771190885365518650165953816
48622813311855802889355113487762760465588089384129995741383509277591224833165
107532984162500226995469040235499482662645929949338691871452371162743586069065
20887977025089100882803472336902357565362575120248113162777739170437256856365
106999930179889327531742616554663354629911341661005013968445109557394054385781
81389421758606699373341981495491604437665422222665154398242718212447389962654
28987882765342609244827891065679859079336943265398762965707040750106075070916
2411878243315911366176815756444347432764340150259959773962960303778135489281
76061311388155116640305591126444384710858501531678525598447248670196214111535
65784034101754590856846965526134827686500131000527099051481332364700934240323
26813425159990385251936158529376386500726255161734122377810778013156540783501
78208682672888136726468147416790001624718865774505752413121839634665914051245
3483540675830843400356043845753502632520760243064052705552277280796219298036
76468623583576153105640776359793605575825868457916681587885182188368467813032
42471067331536655780629468587949811144239009188119381683388616717985646340016
46380520886171661284082225711432652470845558446767847756847022479508016055585
6716001434059663370880699201429376299672819960330914897171331694133754782615
14138139097265987482521235936717024845078937564923114187997574695217474078633
88747534758837450201918650605100119122900565037580728603410943783273864724675
7284867850128927009336516053747628014411125440610349761069789881404116371615
92754142854780515526107890827800334708709041153124356144981235736438274639922
60120692685019819862482884694463900311841987267564372642307950392984373041984
12472543286547995121597815201187957592321528140366506309853107925006925781759
52925526423842861281292244620760777896532237185348177633611999188803019559038
90099374685978809545384669255229196718689676305773530086173590353398305645658
41463342218565802045677037820645400627080608188751495347577914637925338824991
8573781633617061288305853312906048789064698505949044301182562798184513817545
99904793723404911717825486057553533099285141920886577199020372385100662824892
61822283364240375248184387263966040157561416650281302857831926455760148656326
35649219177464892724406113131958119772801360889423794442936705166792175845592
41029000709706728918261501601843487152654330512322340034737943748212658316824
43437914934340020032676870080446304929801217974261538826250982635481492954901
106194137260592572391055346372969648146348181079364676435123233823262290230496
49811431904627521796625923491758247366530657408677563262983882996110914793141
17468200399298586986399379920633857436879432619350200383157140103472294758240
21543214928248351848102354503304491960407265278547258876972338369718495996927
82456732817753763870595420857250657326020575553852100761465828678094102703093
113042106509483719180632891224864224942494152625267948010312723470967856279337
106608757541031001225555008211410421914049472238920039374623798338219507841608
16657519308909098445569592458956494824511084205317189322125395424689704273787
14777343924126433944948655313277972468703171378973049049312968460123963461127
50235120574810522349922881988947752572649698555449066086478334618685404584930
100127501389287358686381257528399488084981789040856331609398826928233004011864
67618665479083737616001206279874131561030411651344948602596532795849830838041
91118086408142012853980596797023996015613865426512348728069267985079715827648
11194671728502041762606871462246652037063093158752248108777552057528546859294
36736624396445173236834867457397052113388669830928396986745767662411519557076
22303578620787244136569368722018572314992809326575222954208400401696326825061
69489850056615734156380443400557010832423248516144953528251526548988433685605
46927080263614368176210426760393687481410427401739496165647272217247813608788
75636655536366279501888025546304116395392890001487192176328213133298843628230
51231404928162296250671918636157460940431691024270300479294811899894409680178
55239501828470877874542132462222510134254631563343686639620566037327814977863
97519910330298807989702108823728403706028215166724237206527632007879941410821
112618501022321491188768469791318299377698621845083466967096550263840156762390
111598834390394655083658734582813737684526153136328840547925773804547649482878
94793546975971439036106420170839665025625737396512228495945501738192681617997
3567556276766313182249287642436371877981595971615440503126090731113941955513
38311691601062155811095304632457128549314888536366027642735884155058417680446
36036676888226318550307470411655706270592021449492438135383556408331420910970
51969835762421684925978156198665777478052186781326610082775157238297536893583
35305572722420682362792874992441454414608745249280298519938461701054495516772
59355796857040106106997278000111351434678513894580250022149720368633824762184
20097903296739716911952096979205123572835590203171919698183985186848072142524
89360544987466418784631845908083704591018032919392281779560877794022033858541
46510207087646669568980303828472996251854881457300198998321984021304088921675
1340808319783440664958632567223353982829461959375168129404957073262633562561
41859245767145983345360527202341653390987525488590012831043524911603260329335
34721820035807962848829576535348479141914281699589403511684932154015604777343
71804124126302344937061159148334459926126361083390861483907046907869952795174
16691926860126897442650753446918238842280548369318810688114864231038167411315
38243973909773845134486864194886209928567762255063198233485806971947706369145
79950134991399451127989187558574456870955023554457947923424376094332851615796
91283961942676517302665292847737418143491686060723232914626655060013571535639
91322448738144311813595804259182753895543698500664936520645289769084374846289
112302343595632435550725362649485922109518676694714664409242921746744303302070
30930734498301298797869324735121985812110487156706077731766005084799244971193
15372141330637630503937242841039111333089490140926244095070801730599201479360
104743272587089354596879097489453011057196906549054829461867359071634881826354
70277539940627219750634591852450501725691883408712303746567482074643515023339
22222285179218040588829227692771725562049135143020729298808566439696909697691
105464167923363323576397336464189555790460931840049720204944748278322440663569
109338517125083899148647141210041391376107868910672492552077859279770493005916
1727532214113393125329772080393854118998295789528499379283847218940975983307
22690283091296399048839846548338267432429805063380201597234105557060559390566
11182771770933523097624698082419792588335441342126025433479285069016306054712
16844075660309780968203933798373645888717831992211601650757630988140459164449
53599758863146143794855093198526231541291858014531243805906749298694037701529
8047563448543944823839797251804060264982961651042079292544595473486357533486
111682299106515539748864195423102835329418044047518184647220390223733095001208
69299777520922165701736295534389987917122701992637723463076782222531031346104
72988445368926800491488513946201244267973408416325193170373910856513385525547
41360672314374401536089608532256696439913538082015625750111180673611238269722
40829024436980540242368970596246171734472446917004497393482018156520353829083
27437759503843305916734235033781231544895013676333587684436069451085156499357
3830262910490382068224022395870066128578777135087804953825763031694193205989
56429460251976923337869985540979776768218608954158469743766795231272432714477
40409284441943159155660765175850353885600032979805344918230786491436264767735
37860262850185861590771272266712568014513951473241970039179904636987570585408
18347704422775772484084336621877022512482455189519589553349471596966996710709
70551300119721714029778603603029873822821727812207761023575160137440388299678
72392297801190189576511174453950815753603677118950834778342813440008858177406
30574321276925290036400244020330367924357151503372809167744208367103207205309
101551202219709757242613918618503532780787503304884464797816158132124732949473
22011202985447598524997216333618456654967692786051347483299301705460603793947
86964826551045948510856185787391872235411506494149629581853020871676268124498
114654516894679597331693369691913253833431138688465257443060473056213532574961
78532048465964175918201900179301458080507934111205603502070032190570609956608
42388096156999558762658490060245048353848376561535257772778571768487137785382
84190109823510911286434522602465110364481178057671280143572018335231662615566
17824152455674299579805461535027381631452873182382472929642278352703291807322
41674979237271588810991039963709957512796899566681969672882546460877726948724
24972312428275856098107709661045773063405749811555647541177618573240544746537
83816340774881348783820312700103770188898074621174422141376951378008888535107
102016236705336919242296446315421309962088471430316894404386653507833560721465
90917594730506237292669547190451969897105332911051746372130262021928536715464
114708790436461012456776671199155272029202806132288468065943224106113569483070
113593441967093986824033800959312906017225662913517775937066620386384019442470
73489272338178681519788741274934031117120942854832917545648150119442930935900
13514940206917529020052371900826288613792370821976096562077335155222983327431
2495948659231146015767202757164841140462860675286476829586527596510935841613
24621022823402052855259077977098493542361119367103096358300161673339969276168
1684240783925278121087928910700177805438751699655809624200594310002643415781
66666097864155716002223434924679877134619678445504171425199834932780606240913
61363259724323510838323070161800523053060779250150970631550605456981224984579
113750241381778339891800134710430122274993661734013256168722263844700457683276
53696310157121091290176111309378837112553815994998198466989158583075457627589
81551403220145802873715856319519790086463005880043037468635567535228823410170
98070811787885949575109918928923515284447243695846505542527665796807063831470
34755102742223354352026285892456533682204528778442543322190262109242405491689
40296518208514566688476056670070654601858633388585595232790902924073038356786
2513229674143969498201223027120771263478239419406245345374926765371065945595
19414142169567222310290339736985579048346565603460980679328619004556441996135
97070730385011077215830386926565978658501548752808713984217516445508038142603
74202049834712712686327176468458771409237510621902631958567777796575743842864
84051072301203292103854717044372728446874363791401470018347307272485180226180
107114353654627298102087147567256980302521323843790327997047066349997612362486
7082125428949786200240866029492832429656163281041258630812373177749424086620
25544941975276294921172195600711268302267555327714037504286528512844506065989
4884833825799812210031173113321960017077280440895673993932515079430883219273
112728574272391748345075772484749873960460297140564680386700095179236683440632
16920046054639031101619293240865675705152530733567005457460236565540349725023
3956817761557763617149416829395602670174702169860307411446435466481881485426
30570498032778754348795647842094616373309382614610288542548763057077580956029
14981828137544154079424530425033875948387708028313659953561177493919312325544
20265405562164160350511463687661469011564464703530168930709354014110405311684
85491765385642589950767149224359555225089539513081138626384378002475894219404
23803655211449058864629833706327914209613789361400888921845216130398615656840
23078068803535314722698653823583151076476576028755408529806357196166398469358
72300045498871033433096001981265076566985595879882694383548843120686220028861
73820676483351168750044681018312351374945288379772184426013758256956467979743
101988771088763382226606852196768592748166287111333561859649067881383835909425
13532339473036791913912755065880691507284299968334952329195268497603399007972
106544843116334000357359210582981839233697604581045903846227262570402669436057
1095766230773870345635014221326004525433073783287320631275357315778324144074
3397065348787548799086504399932779465297013043581081012570737194102003980763
56088985863454223688077748459404522782041561833224541384953295431021091091647
70584591261194582002076058336609660106384795328827400445783216226778267674544
86889710036422431539991839986160200601572392620855923804783790874139212531454
59852400057073322913154206312672373185099536814727634397500565803181061166258
74864342204941076960151170019224877427721755753993984216043175240064267140013
30053277726581592807402931817425797792963727398502942150791620662905865193897
26566989762383854300092119019731978903563957573602031429923824127037481771448
25156881219717067567088096121414830793997325412202887928527333400279211860020
96581853828587341939552055660420149149642937803761303910112511543000799903692
4924493461271667343321631931048240852073821961689907417772144168673359929773
45001425973219250694301498676587746291452206214664424823665351415441357123672
19335914074937927170511361420555184453791324567510187068836031847578790818481
110279095102494115654970800269725915296400463220152229000881320715309639835308
106489141473421045167289064533810627854102692167653629660687638826165108742086
88234940021281129165739288421830663787155242984734440520090789982303821840109
29659727791275655493720286499547749932983543343268950928302620683483862848095
58905458294244296668062501118830989764158234123913749172158780196260987273582
38899875812334711228503368908947280055251337525737536878343629564735021381939
10180197556115303697166674916451644882296874637440618432572703689120460922404
38338842624785565931967529029742663720572682371513024082953556599289778411708
78998060025751790920293123544028365801932420097617512197507207851165680025870
52765326704817844831807033933642126245459336702089261066737073615364821860861
84605195268638706067961617083570434770889267088644723119675397528617145127737
29154343043587908110868393824689149675062536677691388400829325727999600643249
83390292649119596946294363645695965037988294314221236862338022776085623925808
44009541434384233525945477729698364217955303668792764957257561534043341040474
31790419038715463687344849676193286544939990511580224781454232743729690223810
97512606975451830253702625031113280488312354448134876803041756136173911910623
4516856918850457603216584216257923149911852172700769827737928398082258256286
96221291643427269987146144158345601442370966979690600657940647607714104135938
35800101745618533415583013052004546662526702809730315929825108955720963369084
25700519372806745265215832644897914613509699368542949830326073724301724136402
36486338447806186263512588237699672239301419092666313390560314975118394704359
74326138864818661266054870698562776203074244399202173337520880710717759401256
66567953873981054670153864474386080553345101334721819472761583129587989613928
14222764788806066681604914172728894734378570597180938662983777569787840947253
74533307211638910044892473470485636960122941280412809515418952978770226874409
37152697987516786232599204490102064941732267245274881304138770392672254586786
48090846725523890621967128139067784126307783083627856129511747884875044911125
82724190175945915097873419723854693489389901028110934106412338495880683699782
23373431457968139768859786082470812529566751623002983853067749574693491453087
74266833347338149992941077742097263015751165667495078888015694126488614598275
73443935529008478742721331020071494181883365359484235755659243346812404352178
72477863392843611745407497514578596565319254861954760670085997872838428527031
100772389404436043647606030491424423180975510451953936612757047818322253787508
27127097659107312557285105491919597025280346561511384652228489295149335292123
74050554537854276215845326237608033256923122577905057788654521876388196422584
40500409224266056466004000846502263677192203502872234177299746687004480618925
103705769234584825422569154260291849011790037175746010630759878298657189929701
24802957786396027959267810009971102639245507739602691042341683687690142274970
70602823628703714456196635982682309499051269098090974155798430904085026489756
20694809375062524591315203117918710880714707178814625690663474965815932871082
26182789293345183923381395924390819670949982613376123420161903079687540716030
55838134488015555583445201517093867070826517693533036173570569316354620316212
13115550355564052356221088104003003113958066432085403330077070790718440286744
104499948667498197597549963374912142320279477063408371178432268183532831744379
41476835028767409959356559630301547238430492831100585623203034720762583458908
22289035721071691585583459040923292361565104969952181146989533722410991025270
35036381692464175556282959550447049084779578665970873523973739185142518333713
27110010440421894068091468341763585273029899384672196813806143086541962503599
107828000956737534960624731128929508364796065405324499884314502794523691779008
84552297290738779293090110580229403827659713398961821741172612549229422628924
18436384635451003463840653577085859798018498167117545051464395111132728929421
16577655326385532758043733504315168886330996339236209289986719621018680516104
86461384069201609112288598353606377177606002744062143746528416312613658960496
40535946670224053627775360557802135665626332014466767808734778771990552778055
2052777975562008972568089255793888169763133196613508132176405765676568776973
791655814644346734619375784841542059386128208354483384525200470665608133012
60761271982135424018876764131454272594082493646333731969394517002700485422046
45302391027802095759783352337771789627148684622231710839013395632271210347447
69073708608633677710133342380935129745334561523900850536337112360817462052484
38011917294742131422561264092478730224275148985670542358742163684235253121210
94984530797344284609549856398059537854878453457533376261242556754296240469313
18415800270972198270686148647503039289410268117456275780970028765954338011759
82509424555418559307063121768610943511340601378594079776131067161015751006456
29476069907059504398600079990208761291155068087508730068296241478614599314595
48886811152354918231830430458234199567772017816881552199672755719884212185283
41238040084398123769544755653530490292517223496129389843084953278971244645025
11378067454090449435173374210838406448817350313659187716604655118024333579252
71972178092335598438147411288574117190785152644255743290460401211982597410490
45490717868528871812675430699516198085123850956992963622659018292069602681574
44332413637300332735054365682618574628988634708987204748062415663287891770757
32304435539647750584057767395070714345547568999222460713752092428414126074488
81213077446681270770909618980274621915063377410139936148277189784486809922845
11232911866589247970765381968131353963807056136334976373516980685429946422521
46194109998235472385885185681862653321630224359214855565129683711280667077605
22403552917932084877681102058088931354982720628262311036007393565785309100883
61730183028782924166054682062179899478868170321365957273496480799038330195523
7454390484923541148034526076831730887336660503414669650092412928188492021760
