86978388201925397421823417683393776646242803436417626500373489834670818328576
40127284512950195323705808882581563620486321521997611177213315237361399889920
71648106565691522445068631366448366014040467854807170424600912921460259946496
2267363126768969020327131712634147349715663250319076699251831862676048693258
1827958122164540444828221959222629938402662317749125256083245412624979391779
1345641053296723171919804360036901482429802068748131890749226075935871194310
2992623358699657886940354027998887367246153554460713362281805248098573298103
1220142265894936813549330645964814014081699963153977883434799255952064246820
992559284300219217972093064560278486551865049845355875414872127824942219878
2305501248020833133699999492771155690628487274320204856605524349034131426497
1067885463621118325166457768749859933060011172642434296212730716556397664019
3275348190798169026611532474985330597347309267165477087602470264919650242594
712082875209549976979989107020272439098082986558349392251805342117877859875
1553081698913702035068858126037480358885625201973259847426816026519206903383
2953404002604968130126836789088919230840544067675130828415211698373826979002
1321303441116450076979213743708723047800901418392378643722525560330001866296
211102409768394484721571170741001732688650788597061953684445637791844735075
3222717654335034968218932425010826049556281218126582908026397304705138446796
2024030805187473393283657321082764851662265086673086822131125117186119844201
189242571742240355937637504700994084741870192609569916469972771190667395147
778042113651070715511966523405985237753355486443733286972673053765585497273
2811067474681527856246483130767770329742320867857051409281951058675607994558
118806609680710628396787566431290996054696902476040153934185142404442568158
2908445968561392644111573321732384596564809337430913157099016630063404174536
510813784561968712442226567764826149872239235450455831407381679666572578454
554035823378552764988637867422448722749154278468682985992478929565167753667
2463534080496784433967070361513573302537716089367061111888125010130131474020
310143894587623888086279107235392199830501193495818794925496897218461933081
586828621987559346009455124668964846888015342951517832782972477355977715596
378358372323415443934018864750717207258939811812284996127371420899236065146
3414878218336132164228286508923308394306800661212464872220729976974543189837
1885647870514757229877668055354755278779085428783887630545673102302213721996
1375296708030604650814274263355814595099638547033149724763404907349616696773
662287389818575721330045600107833608630260580137815961327648958813386484594
3051731340246001445923439185382895187871331949085149574545234033922930506492
2693632761021924134490318202416370466321546468647279035144956305467731917145
3016921187908779116127182943692331275952016342206439577903983433399357035561
166108982352567496754686968772620344443747083178065829066866045365143841420
2659218611937448659602239660846699395946094423936773792328961540879956117548
578890652339833298168804800382682597655318935831601961676004841530960007402
2937389492022156146042588521698123708332342578160773003688284590747854488908
1839585907540075908121205768361347582129057561133382316541318819986235214315
2858353031532136256347260549521060694040251404432854664238940295138830150885
36619019986919346237281590011601312029367227132017776316562194998564696423
2336075477846962774031796646668659814919406017937427875323131278612468929690
2494586084358335385505390062757432350896123156500323326175952292462205595104
3590682434220202058181648774869668556430543705758199584842083326955570015397
557614245225903491983822132607436910460452849942524821769269473832402986113
435937932604536599491897997915439855385877209013697586282947888067870424266
412903841285823610360612290567017266924426563400373340669374896108557144116
797504106566021738732263281301563858449929023859531335318726431662544026766
2351218008501104014151708759333204246055619232212432890554120167936169027573
2109354488430553529591304877937603548612248304843627433028481966842860239910
332280840965723426990520235107465636115561560212576883947499835471053819579
2481780667740136451928125194550030524715517942241513862099876230691357984578
3494968346261553493792222279322939312733552778873702802280045006072193235766
2532100674466324816481121754231636046866865267838761528802437170199888653857
3272657014001816732420202526774740835401964696003414757510054165968729024521
3060405294212849453290558481594146418927593768261119395975527032463936174708
1574404170415045462946075028192017353239393427911860416474949104290411233316
1306747331149126834008536347649879108724222964113115149507045824384774109477
427998996029392378480874467624204842580139233553229077058872744214022328471
1787815028015617664126540300206325485752709787615052464221427698018297764722
141117607014022123056911843589936394841567483811100337332669238536644338780
2579680827623214618664852827211794656650387987243613626602519751170783303110
2250100629397607910054033772234377058896181564692653771218867042378492796480
3296210573196355233110991808104629176254732642636699932616197096631411640748
367584020965833329596422012393922620858642292824465261899426557727079955169
3479979442544483432642802527292447467381635304829086462780462817395946550100
829988703076796566804060940658448613369198661107496481517738908541895350546
2572008572417846711200936672159658636013735033751468264474696970649204853829
766658426218260474907404164506643689788630968151204929464395871263140494301
3548665949841512817203946798351181318294535509175432407377130705093247591485
589124906926250524811790234885194120018620609955541344661159459728335858741
1832594892707358874237853581559767259179238348812375961991763324622085044300
656763280778456136906704529133952664705285015643556105741989180353384384417
2509942929174942592150969477889057306572679123158198617579359979467883280298
327538006732781529803502338189088608647329572767719531123413736906839296826
2517796025678607597657855710559366437320400983069916290846369298208101505550
636920669405065469856717540735001157457914295594140315525412872476652737213
2803043061852883030515083477173822914847224217868946876889271584487752959726
1120897011279554511290381768214829962841572680370740000762124173577772020843
1383295570970648954933037872432954098358058855656176059009047792534007939122
1480204302268478540953831249299844555505993680421687984073119708170885225365
2013656680154415516709003848088193885681073879823703012640457447906792417181
402133902134193667447398035582087222267173932988891211801224289054965505267
2484654375401498752412364875364540611183698275504782132880722058119403590684
2669793472430443910624064179900044856029646488028718822378200708036512319441
901386368428780160933922153699418470961260048762907121894548858991913593254
3309553749253285565866342932138895989993162736365478437874532558430694839539
913954137246284960407639437617641282812397607971751163730492114380210583236
1396241781239048634305330666264161865682435378770879432985156654449752656586
1055628362475804558897257214930188993882709496599410179048034712698148199934
3363032503813589357533948677057216536207392760053272564092463246204669619715
2470383487412012094952473763137892113933379350634406136485898902485524513622
2251783293791219328081362538666405051793037262408136313298610403031183534396
3269585501717260785377992506340773038130027941163732694019598734645792739078
2297350819213212020958193090766665934717356402140381570874194037770734170861
3553570533552940220722950474276973686289638480235776029441204829728385785118
1551111492957549202055692136046370324936573453551746130949478485430487825345
1560054451754048224357582767643892510564503912415276990601647760844046228623
3362698272129069354186818371451540309876125115455172101463357014677959318780
3362511202541528244054605436286406699121161137972898326019798957123442798415
2240162956045600090834275608651577846959600228539145946612338684037895530689
2434687732791604663657325771925511470642473136041349180710604221435484377305
2498664984720409880885052980980219991567873970827736421583439322978444840726
2256211769540631185282347963529862531653974605802264119607037999153982549387
1658287715398806837414004294974821783309520624221046704898781357202397415000
1666981206365283925878729050451544304977377634491422057237961938569069640502
2713185253238411821876443654890973589204068749496597850531181121658555375190
1391321477947434191825394142267571950662940566270939332418471266374602750873
34610582359965499896424701277355303531247465033648285677747954616065900667
955788388015929569898053327488330486150340110974860003927831179499413865027
3186405523177472675546513238096789139418948734139453397121104530087890669326
1041526560923887969286945824433964774065526337407167254607702435843818244560
2643260075370572295383222179381243797636077292992710995079690167910858153146
2533096396996740408026515497483362804115926393479800308564389903847915371767
1992959709957811186161763146932305976480803974074724679358475689432751910781
474300737056312955687138632290577254058541794836299790502619295088998639553
1917475945473822169016980989982159808638394107497266606734356658374824312903
753384114953271875204808914117671068172488438472899200611942462571397109197
1888879536079867322480173496527684879523543373059373081954155903216821724729
204802564209554062316521927739665503463947732555040976830396716102706093365
776540765851590048741778826367104818835176613158296495504715240156524115113
2957181693307282564657047687398637792970205899526218828517793330276824281104
146447072842036313879887129016801866272398447729005948787555965878214355822
1968368687429807820916803182527852113294022769717157231730783336117921001440
298661226533411854712085432139772731006494374011565793482622455687702403763
822595265840303510040010889343832196937743013542498527220715781523222183597
305162590877028539591185270716592180090724925916118997301839710975270544951
2764355969197002452821446459802285764285654695657594197323901507397390449053
1929340764937082951899853787971531541697382907320651363929043574846900006234
2398083365753494416582463577709088689027873414337094768842061225273674803610
1916786707106859208115866614118314032115606272647375302167953638870504333433
833558821738734775487889991366299479805288612698740397175774618155738024036
244614171473790176803150143184979761132352332221493731264560215156705753336
2476117794354300003438670017428490939768451517170608384821790285821759591317
1994069350085012752573036090982879633021090522360187675895432103213949053212
100556706776687957541521695807135564915622824288822016596212635724480927236096
62075788855860722104087920041138577111839640273216510723913976133141095514112
99058955684510406938640528911704527527589555685593390947219608621971362807808
22659747233262364411841162281909705934948303521357907130837680026464624312320
98867333397448230379185341355337274696324509173127782717259991049774867415040
45345970936233302659804103784970803635694318629206727208822116577564954722304
89288470372321428975808617023910451447429065182776092309202078095010640691200
2087017807641066794346242793354463136954655773331220979542400363399824217658
223082883191603091485867992853648358367857335148796898817565825476265593124
2463770778401984315094179969765958343350613140044413061436504629583855926188
2320972609764451199368785121515775931828898125296270675424998063703655754383
1308270391460464048648540486597667119227330404395042859055067720381386833960
2931180761426651145068560624583067957703607790422058184130858097081523057134
1618265220453856840456603592346043441994193761606736066083620079929538390106
386639164360207246671628740168245612426136121557711075942201821430019856963
556662482479573633289132697544105620115537632015819562592927695091146541316
409034902436248686725985063356734834151792007299590413740138770141628918865
2171167029027765156691976339575398418881641258293915261597064648403854626456
1280451015822971910256060672390207066407840432095015947584249167060283298234
960498476538774359423756132494964216531156228049695313353538356923504864931
1844803701988697625517694203478618614817421090941349903305278897889083013879
1296882433212566003305681751086587672041416016029330075416142005834430508568
2077506186704848344678819930199195556275526273630509534469315542089316341442
1821988091014664274744696594749698337839930231773723903402394448584366614417
2827542359357057468008524641247465927344290995810719734285784693032444642583
3293342590981596665981495058232696961402180628564517803445580760707772625693
2147019200857520102456062729505339155691426581185668913531862955572697541649
2087649944883118617418023239879532950128731766429602780177176849556130404447
1719933382654774797348352792116474237377578735831341089270238544799569478932
2504846206423169003296550342718712628233735256699343241860165398997959615611
480225134898722636004503891078243357803846678438124295300510990785361571278
1618851073922906820260287209164720842531937550791003586497818089044601907151
3403628106672679658724099043320344008658030637219876110022279735945262034677
457040770130183968341480159805023330528416233247509641312736097188928884107
465472156871745383627982780500497945934371059584334038350650802462933383496
3094452417783499928415842390824125939965834179715003636448056773940728056956
2977707204304453675086848349958966945636732827934130348819106209844751769713
628749009737859379111715260123623240693999525566567588770285572841058110374
2484506282066660292681726970821785419401752475222304495208552381303340303772
275533544367058192683156798846137580175470551334719087930395086362261258878
3269988656011374506522818965678895823270334748131993372744740450251013036778
486940778562300428635319045583002927138838909563570345521154807442373454051
590378815217071209414585485769446412165554469760252819751175167932451943044
2565487013860711720983730491562253919497628454106426192071811789167651746018
1776040708302536948685363653318024818910507401712706596798865441115339877183
358038087467750031772072819373520090265841056913710335949642672876020011867
203611020851843607229848161472712747477536298382709920655028630543994490867
1642626758984844712410501986188468123814600061478193164442416788232795279980
1092171177129733856465186428662978311447553521612219248680726142142565217942
2665879564276553004204285515293976424857516314802028724275454708211055797099
2416613992609053906367896836788326310824599580710778875946799852962674327074
2842728236639093467384105313932125274132894330222615786113114885425067430578
438790838244620869195756209369967298541102091772150915947583608977255589626
3157309989026354145255155035620123695307978883420993805013920736859916866268
1413092858841059023855380115514578405842658838722703514634948094001619354614
3430286722476182705838174073108465539461993446291550634592725507768603848529
2911972109804342653927834829298292754463452204404324544433065816995818835075
3142186759852249269758710361309489395111960114558192603575839460758727441482
2924168747023949925767316254558878679407932095422308647576882319407770280169
1082382625382075238808273772571298065257648941481019508452620009089325565493
1915651009098948380298305272816376364880546910417442393433443152946431430731
1860245803367569208241477825356324967771739248704711716618230025392653640729
2660470444286878862599544663896383160428245324202685395588066623748846127849
1682122386093866543210717603692254577017443938743022750016216071492725488485
206203202475697010202127925332349345720419739139819703596162957669531344394
2263225388672604896280965642766595149115864865357595860781224742000704251525
3300339063646825427278834506375075319188009183072345855821791303616145174210
299152567580046279894666245048243972410894608782410397499184098672168794968
3340172624297407419196077813488115376588712782166224464543766456671282966496
487958479748687711773703751915701949920636107009132138836787578923516011945
2327801566234583275636481017092352754924163637618135224883524640973488196420
14055998083855120311056047115617727755782560461270267403950640137082
38711466151152856855658045657659122743807968882024041405274543747908206417583
77955154022472531795879301336864620581678358418011545416070391457052384220936
35409061968379267236828518656881286324790788264277878098475553092104568659211
74891467806404955225029842772987104943418499007495934434452987500457111949297
29705481997337138258490103923721388169040281743147899271357883930548343285853
80882136000333774204944122482444437767331684476866031457902205161317901375590
47042597218248343557983118683429476958937666963745494264263594335640101138602
85581337936907186988639730043667691682659933844912801156049578294093359927225
79247800241542914229581378646440138873359070111553212269417694706348143483060
79347418428637793091481497428186597173318866904540193598735600578178200111206
57000808289169299479185967337848148023183927960322041079847326287604024826170
73579027143579785330616705092771677468128010401876963808256760347585517654111
9468213329218621062601450769601744224937800227769422328945107833057149114917
90017332561496534772399040094585627114426266500467741748525811902149405796980
18044829962634106999040889746434299413901755346920564283783946702044483646659
89357675152656966743099728819338621834976139597672294636575516172433182126778
75372995381497629037519529713809404285610317774297104265236280072913647223613
85732938812820168514352363976018175986432082507297328642641116177029624508922
88780056454250556657353617608435411729563172169479311680216584059507705960333
41322189029566432549317913388653430639049887272274203639557874892569002454782
7704920465804862046154690076971492383947361180996122421244814604149445247128
52992421221695591531990875610355637319906829804953535405111078620339225567587
76482524810165854370492592564769431182860972241690342452247368446795436076423
59512734138721123342244965372339922231189551393329674010881035615274450477983
93944158715401544973859445099410851481378024650112213669649661628015523674883
50968168532709883869401964241133453741400849520607983719787221312349737272497
58949773989323479820748566834642407946089350127093345585035458739638062650898
50570261520916993797890431655543428781051754863861112082591582037373712097783
46481878865367513578307038187642952438778114194187206971707529261019401780217
89844919491430516813500184222098020622844802430312141140375606371399444606714
70710129680200178032939433020159145689072700123668177932119150771632066151055
42098129652241898903790020426008927137191945500847764535934592552490919945648
62192770159324652504457563399028613741700492183094527754168914877140558047007
66819478397371370387020337571169053004814945941595489470124088546397242199489
34174160126852525475950244279930407933674676785279547605227360713655355820546
16239481541205005027689232372907625149796205980161036910050388431127895089867
42276788338405113482012258941134862190301225758978963386415508690828621034665
65817313065348095278044516902013385620351313565859901524335291163475655573721
72942919136559848276899791129479181078418265546765048978107275995824743341770
53980351343710274623163381739031070341352197642625056538008680169133483995368
67519183843640956034602104848254412205533624875333471571816944969915510980165
93388364334094611805460553775220389788917871592073119222627686251713297544031
51639003335786064545982402508000930225036294122850297444129585516565998571257
15376287966407996297175936496929204134310974282793727547236186695724687572425
27317424463480593906141292279952087695710767706643042302189981524256741523478
77212890377750756405480311482925900576613565293591474409998333666085007976730
80331181447174717448681508751780966669091375738889565891141036438631792925743
64043008975111757204587489163554921201159340077676183671077093851477444143360
110540419137356999838307028691513908122907103564412704831715182004061133594589
65852990759396053298411169873541371873238564055756636784630264686721255342842
72499332061876051196292533252485057522923286611309250128252124137822009907808
2572939179763993627505130186146391492240539123184749262895507481404182655763
112978095722686261331024109604516838579181260862762079399505812920767468328920
66431721157765518172736336374830978472782271789877971279042423731108968049154
22343924697026516900143253405414090770438850640058416315941517638206484554605
53653833920253173362598607528599290368554646023125671969944634392236095311306
93463852697737205013377412870987003253213923341187667795767995068488497884610
94090225043942893510202568692555643811669682465482946395189762629094007498043
91410813678066233739998751661119955929773451113610331536376479153814790061569
40267925313442534685788017013559500107584485074335654658497507998575545476701
51921003781744253275391573269224711561648200001387145008304984325234121386450
93829809050213341217816207813463706404990131388529174111926971414775714478636
69499238438973330125151587082929376558825665891268985914523769976221753275990
12557622366799978343198046722514886952514666205368161711335301777068001548502
108450707665553995926616416892878542022831113092524064667104145690512372529765
43240499789414553585773935409798486856826686540391643649015693890813151580467
20802716949045022244011207021508584481582055044676899631104393897827034089178
8740456177679514253183906579763292253508193930218217317540433208851616153739
39908837153905859600708824452547021520670921014675137704158246884490132977698
96043932044020231828414410337798801134074789639361117584392407957209557120642
29163713057608845958898885930014930415545256586505661568450539927713191540172
25689077692276764347403056995998217955626042840984169873150334997325260473628
16310148093277874760655663373354254506728230029015817288404773578000245307163
76568494582933313559369710104439418028478712051629058672732609595206959154312
21700228596308610571106801108529044405354097531529561899070598268030096686095
102447514429835867422251640680287297910941460212435637977605000347332506195667
5032993421529190271095711281904241839242937267251674864429384952780440398169
40983397556437100020837989634449466682701155232789806588332406613372220052601
109698448940242491735043098348284013754323983690232239014252356974096209721915
26089515929408480198233485666233962749266374056249392734618079511049101130927
65328373679751082636413953073644966824902093750637430438281039165296074968430
113540352303143056064993025523998211722607433146861621083970862532231175472488
22927771501610606186479256531021606474971527048995623056150216523933251072621
83669307508809664625230459049565375177357197178471779270613711541286071043187
70282324859898879548993186637218651934526128651123061663100725999246214465117
22339178195887325135640015629978597338154981931383084564087030655792002698672
2191876092863076034312956933675325168252300686608587906899630791315528528608
87784969681157330618652150798415105631311884787360532966368175281681388684076
115472511986015831771579895474823243410344814833486480053760246198860785162182
21708559199485269637426041247959739260997302434226359834034933262544972683595
16795828036361813723518207138065217528681203358657821115501098488447586663230
100865703819970453835972430220874066212242369848426670623489076844345791198300
14112952799746357695419601338274899139553454160533033647354491401922354864828
36142818597904058084615160983177140013062781520930493861133687347801115769639
56910897741647999332842936051282628795934226975782314165842501621072433162620
30626195022387944622925463601555773124717870642639559699482632451061917148167
63267921275463466335057292249187546215315049518940613110445017658603034703644
98078548888428230448936841650008886002624226363485628376711576738411720917351
94433555286798326059980488819475206425648263374594035626049421998716835116593
74640069120295016668103257124839048304872778371201956389894260170737361323262
22901088501786300822971778203271070418617670031814456335580731415961179537665
31589610255426253495921802301441040938740396976874573163146956154278618142193
16611892070166260256516028438140268928916558220115430368369324741686223180874
29560059140670171105917135551766450385185309888065211319283251297870015802009
37130249268805751464180495811764078731162643719669866804300681109967368794330
15139133295986959168618176150598501099565409391942671408332158028875802693274
81360139678909955685712118832260680071350258647508215764251316336121321470662
50574229662701181032172185557627734937951518299911333380650477429878976556974
110394163059652109608922442523121242999354335732680555259611976601432240564356
6550249494394863680623937838597088117420800281597224833576698949326480938063
19865213365220306172366571244054633682207843247827659739026055311718665425250
49999860843240890914565050873849392245676509381108600924307961979237367730183
50399945344357083875294007273457182846863670398279204912719627689700638853756
57205503127292088605814283329711987157980416160091450284647279907140945259744
99748008483841606265866846766600174883058070744218875610479185414907434815897
88798792315370313270398845104970413324153601126407969210122426500195242925115
1816502202219278205278730713545778230952915914307148650698259443718615584126
8414882582432876743882615429426975851475831401759130396614826435645943227481
69183993178360814293037168519645168168803601098856889555785117043054312821661
51284134555798786936814360217890440833522759452101664047267355112842207613732
102774277610424570224768972204352714668955362383364499047658624646094525735568
11383875519105787014559972381559329930345728488336895731591168874786234988966
35027296974452568768248030254086733598399149387876166247536947804828941551830
51220084565716591338482927534150002351612046851347452955728031448251800513695
112778847676850422608670467995038108254597586426095347687959899924316652611938
21961890185518023986351678409503094545576248304120524869641522213009039556579
82990566827120078618025833208779733803990539847615230150868278141515933887689
106555345703688180896175371405985007525235783758502535523533509531322207579075
35259529584460916071850900048719278537809295734813183095519434003618320137730
61986660033040026943743832253618500406836728704330366490563723404033887955500
16069343911374020597085552100891871520819461449638380752103422417319208367904
19172652191148158080541095549276052182615239162371230523406462248066001389966
88497554703689268037507186237991393658471328107897488466832110232190055080557
12388139267678370344917758906075442479893361250186326880708837742899095415985
101307234259298047501584839887724703727072056859150621982437878587821685237008
68417087279348273850129244938712127770417777341556124588080255373619244939711
39911483612147593106439993561270572086165028158259540289987024868692415216158
33745951233748785765319061567032665128483962193917993457978481770223402742012
15805087243725088882295087581734105605527457348779132461107904310298672129033
95725136170867981430276875192231380734165612986328201652355505834820794037651
5104619659573365866510115513756985303259802349514302168070814701008896927216
75804895716192429115085173787480620399985119805414372184077795085328547380148
99915527441577124937120772534951589207130953978238440285233288942618648581420
8606732985393927707047091815784692907121592073652030635252147825896233805386
34667244383806746554461911658160704537961253626074456009430361030034210804549
71354459962204520679500231727056466495915247533664358622354565585228263196281
37751182275741893838006670543880969959933444963102485338049374907093661931624
84109672078499770333190526352724375426282001043544083940870356882379279005228
67291167370281247914797936739479391255152664946038603177798438248635369320589
29949884262197534585768547401934980728289785660034321967935385175538324432713
1986281158831620191433789038825530962561328748646915414009075034800950486509
7154693325888283038201089414179866152162846425145431616357368842566999668980
58410399507563263939844166393751649666853752289942490142163972090137257368169
59550830441465306736646815515707293365498311500599670094202036632070608407635
46768777028899231978318440399488522608445573576861826720791700699487234446217
10659621718999256171009585622346734923127134828813861610712652289528385164749
34336880084380949786197496235994069788321792907828180571894083726439566594297
32994272650915061791763207032383079552169011598972571307394393871847968427680
27471158352436327287201821974044781466844358235323179368167141899751227694010
67543743347231941179959283851700544380774379402502724891780817501745728410315
38320063226139742103010976986909376514012329266067680001893340203983319322290
111502717806217725978923628731253929512041487319558901677389803561945010373186
89196707655298559988642000891784805811156622781397764883499232650763402343550
109853013718237638220493213924857921881842213356331873330578402965907877195938
8446546505527877777593877183504411967116171269249752990497475183640563297384
58578334517769770766748422784468615436619157829998422360062219052143477960876
18992898581077260159247035387672551188950217407300748523599341158007203344337
3702768055710289473530955032359546842134276631780568117885841880286599576142
88146338895042943427377493756210274947716262070928984481914096489490943244284
82573401694231551461133249422330525997184564827171696752958405954608492308652
99854995911645138959648649765978723206519912806235904804501573281819840312605
26291493237953599824815327492195082668304708058914182211115036310486953902571
86622543239263470565845533148592364206922732347279449181260259900361568993115
107645950942494633032421491614556140373742972403468819944292284758987148748051
108804326862125519540425971645244835304420654786002735636174071300629456344057
63911920291781418503538510607859301104276145708372934414799499160541622036864
70847026494214613898909339941625778510739002227351214269591630328253766185709
1165476331370825776790244802303419069813997072147774010715307353951115609586
94881647968246189066531888040558381797948379312380654681181771793666695361622
75498247205820319312373343900614752364546813541573446793214729460279732329393
77644482868795922814516072524692619846235238624968344667038179479352102401941
18412686134650900663272433732267758415536012522919356403285346445921867036805
28158680597092043339772159996372221331828455729175714553817455771870131543470
32379908333538464392723558701943174131091602670692059558452073000988852349457
47925076248847845630754483898893346472278880531697867547659762761961553073646
20621041023627706450515410757977758892445367510317393276256346961528249800938
4686549665262259646026874154410857538819409152287218998252954771430625435066
82114947958260333245073692109536228559231460785039296803955627691620489132934
54000756453383133659468272823134126494356585628286824310606619590156996927529
31759552956565373837691529159350207791766399133542737395566464828506166367968
24044173128697679464849664582101440170226527367660881395571090751905217309775
95623390382262524759667140287714859666648568074203542147501081277781266648544
112254691692358107016165600725927485779332579233906829350901961040243647714023
89626569111095607793909439101185299280081713169047399487568397214926508781963
22093399009139329105768120776073185743065700879821347072267757556881905344856
59217165246837433359798526057002033884373070718774037446870589650257077216394
13514917301830953966521575893964632634829866690705053081340213062508182460447
98694592613797218080197029985926279388696465996551349594060865759507480838144
