10378570460264310658246933896407460785226450720783501684513940241806780268544
20897074820120289673495094467304393732324850492049663828028454443146345971712
111964120345825671516953684707567030336662871388055272849574236290509678051328
2699060438879658649729779536370332620698918712839040993295335682506106362152
488718157614492582193230429777486831560722037738021407492719920350031954329
2803992130291391198674746381563133209354038047343271003489745746476907501751
1025614407922720798398400419857822205779958191240018387240999563724463879700
1494684482993632558658700731589946753297973155041228597586410765072099523533
2518588042070005954290211654676233877540883131510469450460109441101637561530
630817394512672826707355132244682057520129737656129486205300029550463889493
1433348293434222652131990728946089943576771716016998832400259440208229802533
3254772673097773580473627878535104269582920874313787939092156833372154821279
1925391214851446918662828446807421424925964997857029386457077523839129839394
1011570830748403029054490868393859435158576763025900814203648089721683804275
3522127085074563104122507892898671556941882463622179163174725998781741199642
591215294207344517246945030956261266034154424478218557937636668257103318333
208247498472166613806458439084855290052822752691634066495407209633663669596
657838499214414826580271322221938663272839162803900910519744396083824282107
1687461668562507660362643369725635100317197232393149819812566277377482526409
1057058053033423539610902169205132688125543802781061117279354071746310331231
1462659573279809406880445129016792478113782011453997857061205916386811292500
1640676232830672194928426640850866536280007550920583590123078489625131170824
348967272169998877995562424427324595309175641382953079253058329419401455308
1940932145591924587048287548287709186159355293122811286099223339494666308893
1351594721682125309986576169373042591001618491420000533335031768410499728289
1313747103564901667573463425746260069835823884710989449256185528848677862771
3398500442159341784753102173881626085074815100436877811789503612953217186140
1355014761471278288378746131409917298709395716429683300465033961912747231128
1502068408742433411629562036241352891838683286749698787220700291472753440415
223870762660726092728345102325629002289670284512122337088766681167832257813
3440977416691854873951146207279641011127828376138389925807706431435446813259
848815940649141417424930607065571194767907330519292200113010785686089751856
676875516669958271454994106503979044530732489678842872439628946048086063484
450751044944605403081537751721472074594698532230689701066907868470126015846
1032501280323164454107024337611335948581169334401093467624873983540952259955
1945634091682962290915415913838746340364269880477521382319769376265796984819
609128610390594303491214853419402645944445296595341354716072352863147819613
3338586806983581647358850808318328029547811983843551363617710624580764501414
1807378909251694633448322236563028880898411360094488842901334199105999554803
543826693258291352966973068989082676883499687018202658269650441213094411145
286021705694741552621653381304969508085091825463509639661163919033636751753
1130272368835674657362489592802370499737544702142671443179117260801570732443
7373204336271820268898446650130488652014487602719287047416034108531750954
1675492933570190658504509593649614912564118118174694318051776601425407938115
2242838511220503386949597456714084549872128251348642017778133797277723562435
1324159340783119092619401978195235211407290657305905970579553674766407874248
571024361267421772989402738570191300164136463478551481235915133696878617182
3606572423650075317159394277918473929397789511220458597430866968276747023104
335003628413036549350436937735144677692888641279291986265780917225452115688
756290772253303899824083678067390744779787715578416240062690846740024117678
2842420379338656526106875423819305579479837941886289252392088308545896839391
3239807765497834673154992630265218584320880578306850684814382123435279403321
1431181933050884348005111070422334799168814567610933727770967428945708883848
1090810584686061548826615432326650352940116851120915679748050174209901841370
2229358214159244684968492796792086461825296011101531403907278231115447561068
1346640977956789329336940527670329641205525412983119830077482663446467247245
1512322500041394809436881399519985607802863298368965396179427118664263269705
3441893471632191297857196826746543974504141270913892826997678880007146113825
3611829950698992022309829572996769018445183051459238230777676731540396118325
2435198623823749347368834963497330489752189895226150573429050973097847371609
2968641209201851620321547052613284908815332793728637686767238769349708682676
2886065915730284361158659353819050209607114518657069397065749527864811075914
3021927130655484386542561143072131952721341285342295916844924042542193338294
3092587286353263882562528850334721725372605141405926656936796330302834291584
1527161526086521134980436100700962702790283927830977777839694720221834549638
3319798161900903371315281396638484098178050670501681429771067036345292703094
221811733780419372312553506485242625197329152914645999204465496771703993518
3445746652711184653726053799870469173766291984122927965101546538532051105944
382450173075496017151692516895176503536668861632081992462495947943198386441
3244426546782805729161040575553192094778354649468153887518914490803167955919
2225828721086406075871913049868394303406070216988219437507727796079404752061
2320261722323349044148238311288955169087600290476314881893231734375863950748
3285605537273170988374864864866711067655936911205351915423259781018163519648
1733006177725650906095510599318622003701048685687592293485969666583049174874
3254378844632641766913066982197544613459162473825513799549612388130460832755
3608666263023380449888722313134117682750502693216876076990761267103645084615
1042435785983377643670849025677775606425454750517124016292829722656029448385
1719813720706145031751504919801045997926232162339466904350621084639776611266
1035421282585982231899787854475239078987191615605770126592185424057394086689
167068625646331427020088350739481468199120385332616459581918392961334323022
1605058130999872444608936751263363457241304117622376928367929898389210105989
3144930408741063580319546514232069281091347423750245186769369396624339864331
678362843178844948626339043217984702392569515024820317725882164742390814378
1288361475866648952939176120877156806469773352602630912838466411053132616774
641455391428590626700469096528893981405470853293063476174103692506862983142
986877716717196621362006736066742966910809780672472342228766080454795520671
717403431300549948305134074065355976097253642801026565126014869887430674461
1793676898069067145099498745428416369294198164813755858928960984729207107641
1626674182042966784012259268591918771973870111529201446068339758448108549038
2737756039286418938813051186511327103809021083836312809496595771525419363134
1936299709481057735719542071587334848288476234324171785280831476796547209278
1714364723121455036329630631948201081710988230128238745238655106970869192732
574722577312171842602533368800619370678114046406539988416484070739143071756
407827065992596329934477134619317029924863445011986173505956760292095598351
18869966551295764303691712862252938312552361799746805351218686219235910462
1721714593933350462052893143764006131469605262004440044502505004339185148531
864467902404211476558755434735519701833313895591220340799866208073960932552
2915074820235665419770803792368675647595325137586495738389762542132487925747
548180164685779991574675384311982557382046961002520960706945833457224300673
2585174967667476377959908087962585836384920512336007012786525438738228268271
817160237124163132823650228229553539324263892969907394687921692423204824765
2967812970361269138322837751585778428376519238030364857482144948441558288639
2826314004210759970302283876446711361334460821402432787806860321838864997628
2371617457087065487981989956804758234006936251464954570217932652441751314468
2602753956673361646763150759658032137781491787624672080427082468902891370675
2133274823097968892558366040092976772352310395739268541563389100453709253515
1349074689984924371388699027944873493309799020021083699526240465870508442105
374813422160681179372233275048134043128562643568012821386472992067607176632
1275927833078510452137733438048181951295623211782087407885651050287666972249
1709921014618728587790767949691444983473728633709062566867916314739179166253
1674400021420184750768963062224894870674197809903778603260446642152338304110
2663400018970516481637986462154863348592285135488888929169790320056845443483
3220177563111355045977672689799528652913193932404040647084202244219842349371
1131283983886723897819368782976955067945685623775519158920913902160489186868
1973216442880176202844378550332556807741087140340455852711957413095173890760
3479534293718583597012302012345977862245962123176601234056811019022546375174
3597694774334337518891455135097777668226522270692820255608525768644787661942
2285770340813578417352068795390228151470662489822855783396908309520311468267
639076038167553278606896136500001264746784779707851705641040065754958103773
3479494252162284576844392918673106682925903346003007705307960817679541564801
416731983087420176402771585104533988581176365728670606006609186008646440523
2702026858736933650031707616469623561607094523058636575790726655243608922491
2345413345300909096685406204259212393126275266866309210564587469034094115848
3455028437147494113200664476946985686641971542754096842263335523492398354558
1836513316339692560720040838243917912143614873701694801402890962481771425229
2755093116765892754570418219254282714265173423241215708831836976828748168272
3370435439908610353866750495831014070727228596455095190629797229876119162378
1475172301545290172894735561261704952216628679652219516426586418101456656706
200509882566219239886699863905938861274185985411452666937306502327158609338
2836024464785178594131457179085767124520339662601210705426477153984688391026
2960546492140196530727310455213498624564061736259269148533890609821719763680
139028298951292814551029047000228548727299794890145651869084953947262189514
1495789843219419301190102101782124435835513421031323152029173136436285403280
1439706902853248851261100928811002573587509801527672272630680873807486229236
2817188664022683687327353337368314892100868973855838059121407733464711011121
855970467828926569907509808656830547253907815239697205393869364621735425901
877662174893317021480429720321480549067906070913066846444399215544121074296
2798130289015214529200207650996102020421989818556728170316070942156545808830
2994551606542804845923057309922420451765935572532257721068460129818391871488
80021095992750176963614276662679727074752297639349471083643542209934892466176
41505411897143181669400066976205837187846117098919263516720340839261936812032
89951742396589798521404956117422871327500164473302407120034887671774072274944
87384797240234134553926025268182766145633684331484680190796295835170912600064
49998065774838743603759790943674182786609953466145838599482078994086469042176
3313936610087336918389325975910293648964972063484969724485859748340404584448
2152864964136179658061693451839408958760631774299587923134762417020054501816
1606292629432207217054310787423752516084572330868018103750934556528849537427
2296855932971463270700552624596840137563551414066933087135238845978731561564
3476409078921124676621453993901512620890650201586396443945702617142746175616
1132082723048697456632736382009525510484871446879415018072741140307073864806
686099941871461416047571719887374271033245537041655423182966293419310661824
2356844723447806633179491947643985831967403648589784986801877301880900492823
2630540397385026328985905077348378278360281726190549550435593296670018604596
1257623100634745990665556234557926014055680325535431623838969528879748591697
1532563041150173377237604017160977854319874057825567578913059789118553310960
2782722089462981598375458189220615626163946288542841930464168363326628925378
1197492529300649024396087821667420230794059117332248726539195049508023656463
2636732799792936464475329647246973276812690455953653802504362224070311738817
2853579467401746008650217577807571624851991806571451860098619485118722166928
2934611641039013532015643456985518994326505665622994557848668431570053534363
2492359722718868314655534220430599409691632796050608633321898892269315159536
843280226483736206060347076958707192799077112372049402948819396325230105443
1530992345762148785691162031494338637347378397263371505977846252577522787681
705807251908455904242480574819313519827301911255644453647193927197284603117
3546408507028333804670025031275097906968539415153198377537827782743686456762
3021350702887593655283211346351051076808643990770336267625187906769142684801
2391467365097182551539424272188510746594074100039815276763956353915705560329
3217835931821073723657484408978427761593957454221852049379788366367154507037
2662822996226894616108986833644246431792373367241965959205565596857974970487
1043646965738011420099977917803004572634260985851852773925278212539736022253
679018218697188562595570738256562306073390047468720206869192362211561830813
3526891462162150280595340757090265241425769752355209236971918221311791827047
954619619463443875674220114542240741345972914086317748556353960363288078904
3470620981277898228334866457806868689636959195204378653409612106763074869420
243026100650516647752234680375147238357287541736489026142516934405407371467
536908179248040629169216613394335740605733121974793540200257121318556278566
3539105694127471621949582375396367074660942419984174083897493730845009431635
2178473293493017505982618512856936689820343388261362665797057218472518514677
2353221455775224148397754113070985805034709183232993298320066398477481882999
1085689527812831995894374763087398667171873527075078156626613233614917955466
2132253602386531401282902037097007959105373149704240140117119195937778542300
1163234420235071934296350754930120444438675710156772161883595858904649110963
3359957247826664916672267440079727586215422398611784831890227588183064356007
3180406334264627930090056452161589041739747898763264779673646961947883290184
1352533023747449201018042110809216819422326323102874603428210730553742504539
2282993708251720090521043557352134693904515283870468799320401897478302783867
2826965223373773741925815545008225692359572790848302515900414440426377890530
2790388007909686848563715173808932374237305463545696561474719465263409061913
2411618792319476921210941854865135878587616305140479559771420645206583652907
3362423721273309478796855572479155220891418080384008003886116124434080446576
307542427053588022297298771033891082568011351698464350583242881320941146672
153274608702564800910850475002489934856347354605244773579707852213147931878
3610842012851291878510241916688665359159865075037427566352884304515258747614
2936017424801919758715186552755518647735296118348220977165917474230947753859
1276269823432273916074171665825790006915401585401212852043682447199101455435
3277455245773466402998390084256716984035751610190280999644741136601630749719
1027945629712044266409631224071952460218598683951470107667222554296757905974
322440020269167880795782380422236025487210943301088156197885996085985988995
950197114123480368114597393570137638506074831194394620683389504156101977734
2747930164442810289326456789010632596185487477077579077377373514297292721365
986785113172114929034488060131369350978103834889311461874223608446584044301
213830857471737381044802713534748780562341675078044256866081589288084834229
398976253541548068351447864934781762499690609106423013970650757744680803737
9731198253724493763835502771273502375560804542849689399272184209174623705
2941122087463164749299865085983866320030020013302583142537520919066501281849
3032343745114560739699636256384016864167586896021333920069597657765379717373
188672339842841415665625621618098439580028090969078306724269263927564019263
1275290927704111241099723366671853400696024573584132967406760861775251472575
3399168126010398989653942092696261159872375310584575578636644700435003490776
2685371390293866967218146742146974028605576798269033125500086807287
90413618471199873476147162403350886603267239919527754440703337617268674529664
24396609642277138089969171817382282003331729723651346293319713202436935058786
83871083328391606827101868848317951814029538139091967622216255647947662576721
12912148738465748438892377071982711437157467870923684487013333729602122349812
49244025778552307485697986144264578089532447027953469759089317719364636974339
32431965484689650196341428516813323642797205093494495555109307986110302815127
21764596367599976592003508370174283576454439207291388446277499657547484876105
10725260764307888962931857496005883180213721896439918993114689277931689614622
107602930084787990104575279826025712030979560066926162888851516616276662779213
64791572663937663473943833964008843206573217103806816675100266060429330464635
81117080968511516922731956194222827880019389352061180957264444185858370289807
83080036165663436027799050873174094792485051756211857079408037293630763351936
43624578243889589266304184387171276345764498761065625373629007446038198293040
104597249048523506044409777045999742249818676145895103953565437989028244606565
88233803020965124264737939757195542846287823813083518117284117894167155183741
6409027639882279463568412048194574743231712191159768224169726000617828349978
79420808720809789895085226395477915086081972795343399633832344591667067204196
60661708298721053249790324434941977037553288501099628596870454307399167742418
48880907797288661695574975299813977874939328283352025799900210223867100282383
42109058441060970735267505160127304906478361023396964899434782100769404041271
68932218233879117489477600579323202660807382780851434437285088243822063200967
78864165814470820737172644263382934540674725779482271254342948030445352385085
95336595494490950800345040039722928471475992404644962369232604447763481328559
53184571770571040710333781400262434945713928694136304507425485020733221657190
55331018703137774153547741790504388998337364224893375691010064016645304901065
70537300302634991233516114016007132562091238247630785279400717759221459988207
31282747698411626694737042687507722859993449881849701328358353445951406769512
92304810986094103332837734516874558819443541399722004304465317161732974798452
82020393737746202018539319335303507885051399839269064677556014164904262660002
37702947376686725841710337765529392690750398790971076663490430348648971316492
83735850970400401154382627248660692623037406962516061342119559070515425097981
52293990391436816326808646222806375154063140873278168618233982792336466633133
57382768259145055060142211096340494143043684184884163237501839124142074365899
73269594365872026990258858053184080983161715795872803985440480273544188944915
7340462115943448907813946832299809668263085443644567237049795985876774144186
79934906533896069927074908708503548391949282033265117294962098076308182933849
24945039742656697210278106209416372630179370188684621734992249250383576033060
9564811794459091807255679821720521171171463423533042479668233353342121973490
31579353908725364263014409236135136369236164124785348820633685346793781437798
71035354523605846420017976899306751773469658796030685319218919076819301009325
113628255954519529598021297093338072118749414423003389691855564975345693461245
40332668902505320652164702459725652216760289834714154048249968362194595576613
85058721816349773785441647017183536407470354116992821765459162743633641540477
6365401488209838728326772894251876810099975304338317436882416491907521999768
66602156651551904136587178978292629358224530846646879210321410439044624555792
24012313765525363329275593107365628136385515131405259928760764553244176358846
108667207918292179899897655057680799880892458362904153305484331636755421884359
39410160776172128424886153033049122616901878175266897757565333104502951666337
32709351262343786946297203101314209498873566685888988208176396442184049813194
7920673769985867440431103012094347703677486387172026266497867199776962909800
94098194490680639514992369884883113569545070866942475366856227523820933648203
48745053359339206938392592693214844399982670704770318114720379375446937738857
35083663435765293488726899990251341013861523648521609179891419137818165922293
102808005450908255230928572514023470267631408989245034938695317483866222636061
35466661225112220792878484531340671552378328690784491875353998558503491473643
46288101200108046086736647227687928747192147348861279671130541667135223610417
56245717834107195250165773339485484081114624638152027835086645314179854858325
63582669642898020537686428458930355839361709526181332716654151562999676470893
74113317378035812979127643443721238988110831515486957385673397339655483555121
97433012692521757071018379105744909705114799789919278603306526846990830873828
41426498907708426698831239836872294821663677075427762563607063099442279318935
96192337418368768063082197968643094230420479475901060220576172493716777100049
13956122499106101654558935504935252313783921866431636404900036338934233724383
9586783702080102319702357509003364285256862903251669411612631798925927874572
103617364190517804552141952439551309037360053683019418812907212654120891202867
2515103692058065323462999838021192906192918726196456335993251121759882653597
99665338666669582909510264409176467356629195471304288498943114140666097788474
18733879743381902854134303050092286156773435064001006033640268702261281269413
29176957577560691042953633956428783659416775953696880925186399948675139746766
82669505337296298202940033122965808104706293271712804359628979777160246493759
57659137604124161115647785671371760227909518131745071939457978672242584492821
24999421541666110677185504808044618574085336706690767525076268380554424574812
97382381586592649918025206214943144475571256524075862695399007148915675481819
67536324244398562803181242727758711140778034800439821835931819969465430076328
17462869264095818469411848452905914486878002358057360895873102776640371647278
54407986757279154451503446277146980874400032650478217142974130312651746269528
10454553053410734613160749717700846673941988608031273014197284427552320042653
97502465697307487315877221954527623431299821861359464775618911033701535165881
53214303913100932056927724266572227806570216226059644184111573104875530957956
49834537621493437962515635737273037724404881325705298488270572135333377693954
11289599355436593556756007074689256511117744674619866921821283046220101926833
84642816260263599061262257829565599235840867157027703192470641474287636317019
76498292943388300401082947619795770458386265473122896577238443566007847842818
54669321372024340183089272681546516530501922162945627259695334250152977742443
74297694371232412442226045776392835031379918962442441607858035838406786135614
17850730587387591033545953937157534767215303664113019574366981009370800111543
93506287722438525076951781863795319117680646434938803851492470192297248536065
107336072183703007316309661612192336600947592542016489230179990005869430068784
99944059519702858111680572447130414294422192109424228618067071384245518921633
24416298999419880929405477823328161715710306475967583491007667082922052947271
39548219930995977392673691143244513863317548066152495140138295862856304838209
9831704008476128134181877916940606127350403797954041303627159117911285462820
62116346796466975756522277087179639101769408897632854337063392367209848800941
87301160212145990309197857116513211015892694040837590783153859821776144473789
98055195353030184811025711783229306941223437174991177140940030005118002986092
99626545673748972110088561463158878936191576076595105870834602084060831977084
91625893070892609276466536822656311637474816494757281142812490835594742867159
1517104704137077567184457948874653411134758815467333071279261424131941271000
64491494659162913038863352934415409206764030069228285798853663612768927861478
27698734637117019713891357304307010705772091059051179354560916639689815439950
38840311974325232587692777934535535067311282534514454657566828685959663540907
2388142773639779928533901841573783591846509506840260901043383114611384670570
37548708728585111916730404598346435247696843531016592235210934662627873130056
21830006914488345585898683238621531323009413120353875299600310442414346694652
34693996611230311237014376124311706603142885280433305736930970889924963858591
84224676553002546378903908880141114953241185181206558132020948354742587771131
7485254786901210447121167201557630540425907271672296776418265344089437241925
44822011188228729068742241191063966483857874309356414179666656684448195589503
42639375239844922939044022767361249679329040097288720316787978862706866857099
43970037287020728831382967219224351597540934275904092735923256996197113978642
102740718974303980587038014743819969664086087045666127663044609867571279356638
58667730077082414759183395748660955210188509845934284411138907662068277760506
28443485517481870075685326355400597902297751346247909163753533503802534375549
107240726590257944786658712973322028491456188530253342861105993854560367410274
22311760149629029510328826242344076568320977818087171343254093622698152807859
36239651342476578830118581690945723052544621922893415737395188424387280148232
108769440799607064739506019462032292651016597254834970727824686629817986397844
50621637830969895573433443911670938688927782630243890589143094555825402250639
104166310299548800622352927428936240345048452281973757452612034975141107810180
24652834826770810841297227196608359366215847149429988177166359627430383871740
20746944541654984113623808661305781904272657150646027092597680805011870112487
100541838655936997902202087958437514075993189201665575727511277142336343935022
48694541532645926839611000521649199382962914867270825640326724889660350468329
38142787146499148629792473086798867928627925745048968958655821518118407993742
61529879874097487696957592156532331957864156377171335793054244041551000270932
34132469296349600253085736326729945758178030526804680452708739643889542305066
53374013780908809592707702300871435955499250603734132965013525403253875653583
22018561488620034932962052478230583148595004652518101203635020571205401578769
23688412860000526597144333401246588438892370691623658320734688546846627128233
33604320917207817852495627859149389892066387739134142006339117886114872981700
60600421491571064297962167803142610452508238819331809329576573016646448704812
115002265415344822702015452641812459420151365609580536307546354425301553328995
115321492273785592781307131540879498013044092659954822669126087502406036690750
27628307691494103641897511382151650783936158631786175300043039851590896734838
78823099548843852081082277858309671104070653130083353570641684129823692637194
79112662836715265410456523737551790915544959741792307563544493356610399716382
37764572543180726046588135272086720768722383117339237702800611215123194582550
39566598917870671116036560385006299692090787298936994346301411571105221461284
56528984419950869893971417005319085557196779446979177363500128421706995742622
44244678161305072373379551463490861300381582913297156208784739685298159843827
10800445380882649178575037631618734826075646943306983262800669921373767303597
52855207040533094945090180260890500372287160750107472707360830950079920572629
39829834015747500277888095499517821701867511480582370744255243674781224074309
10420344429207653614773315024106536031793629589959156275013880349768875801289
70194195848986507292460817517247663772467014559029126834676701346771890681231
48186423506507407904848975694597373475326342363809944237658316304194853470254
72002307313044143637716140483249325690947709487221844998304372077157243570745
49671082585880702748193463886587607723825518532948635757442681404994833628070
80849978838258427008799942107381048941536879924892880106734564875660074534447
74011596235513630350934299855521420480178845061046927337893923933526358158927
80064812520458760983516605033851874727247705310852007766913418823539964225076
16924745293140689600734670047779177549003043102381908575405043773182345389466
108820152283772675413142851477743593586658700419391331131422466780611294844547
63899061318262746146523044460853540314986847605944682403764828099315866489926
22092548444061450980175768522515165604183154804264214883310308277234691124437
75074360226106352028116208419559632877073957151431910722585164588344296055536
19396007922800693616389713637804270049776495158692973430009002424070074978027
37991639591738163767594839800540740137005188323849004864646832678647049118999
51963018947745870921931053106309432608387288927665355465273437554496361803758
60361807689515626983920669874296391386687893390736541130122096860150915277141
74502068088948556062567247212044719784626820789122689554220799352693427102692
85516086247860546675106555547577813859204883180502291000755130505527292102718
77022668387053403342192093782332408997861415089638379578912038874780276254473
31239024287374656038412554953415100720115679743153766180155950705459596400366
66324121191834203699204013785378100729170239920504948038915070787767554984117
89010995958752853026643240169791791833017136162191787514412471965587454723884
6817931007983539377595133756069493770682465671912520403259681719500538223348
60323139030464752914157183421320980082621525490792037173055199288127728758891
9049997315279444368917064958917559609542193272760758440838517889373996746043
101613766471651244718137250444163664402342997671027245131862549892310404662352
82588894457530513600126287112029227589034131699212291595988428196726645354418
58108520874148124267069464413749666149952223260678657663442370603637314761904
90195125408089611154284489186365955709701875673204615988112018755664380710769
3089977592058807291362130292580106353144919441153257420639753875590052369258
88076037184612588158095385391897471814501760425825643008892271912496012986178
37046854873531312723741292430909226014037499080788910288271400248952843685597
86739960428481623174911935339662214394888722683488170037019959781812963180228
114520130106002778236497010564675737133526243442369650933707290889696369053895
27340062011794483634449633647064370868425161384733508643212764922307975460179
21931488853032767117490756369814849314580741530575634304630564459566330105967
21341918958682042330566272513577903906400507576338187325790044044151038093367
51658023563517172953770896027206901058141714516448237813631349380504067460441
82686250719905025588580237946033470225675869805504466348726463489218855940457
68010778867989566665113510994100600749193353917624087530754455780660836959340
80717542959584757529351895259877974857408445283711962643640250871080415162823
67010270287848834301348263651012143440122398733272680704338576421703435571385
79471628063248685181458645489604746748611455880099499196520612778018646656151
9188161371110061950925418577621922849988979578181932156147973013879770226239
52157487861491971770262373080345648909608700963600573015137289255647413483934
71983855103748871242757510715151022831467361121914626613498933964572580195158
109414628967543232477865813590682101926855891706182985705561060746691671471466
10826471424321676018990581858188840293443140600435510163531001383206866133498
109825501494270668700611165208654541243087842239105352990280250708494544715161
106840904271947410954874715171374001197248756979922208150339394239298125384865
72383007694378478005284492346486250786193295956170217662172226858361172557764
52685776277035226723428783055914931350812123793042134825035006915621288376225
31056122435138948174546280920236291840108870419316642651135226294457738584612
99951325418097066018212856084120536309408242131780303800730332330386654159806
79504119304533199123818583517714630697159177717079825676850008236353992117793
109304410431788127081404930736164157739981360146535651524181621768356026108828
57569362303106511182275030968788657043990498483417311052088088675862069529648
36079731973429153866178545860663448790085899203006397798275299974251503807896
40614799237947742143782438258903157747250942676748124958772846401834862537592
4538543545469045968393125999565234155373048562517765960442652185085936082974
16775110872623467477794091905815794513752745581219594320613566780512690387235
13420512745108977129390497241532433171013651997299428230048169120319464799566
62963916672845205800674710030559705299158002738880194795576340570582640699337
4287670146192270538796873736234978109637112690507118728081023784156501314767
84696121895538587051146926971853984808528504907377635943013777051787572688451
66152493414369204462207161915272577016769566802797202369102632459171097272542
112811725258180756787565410983035378200690565359142444611302143144976501340950
61348080524081839339272390469063097370773200601727015113099822396297088872487
14046499279919388810663760420750351042445628497064287969762163156346078709726
19172946342551412446251840097769653328375652060673863556979386672407269103374
91789357579863935183590835828075848412508625868856170163494952951068119062064
64664604421061722540773880759852294676643663007614849904881746989764130044043
20733210496552218586840251712083349889198790220499632239940519091820761271128
103308574767796691439928142708646648610941944240579124998714104862422486916940
39872218094876668615066646249207071851931856581015664058369444636672205802544
94550679559871104215163545747614908437165186566128162696281731405606190023429
78050134253315494259485046077800409635197557154103967275291569889638886771508
50393489061669913611482950675101877210764622072293595416144421749849843233188
20122071344449916977768663530460333939444370958996606993675015172823682621077
82771664178512418851969570371026538462593252241474596473922458702394640151321
110008463265278471568471588503060320562925919379944122200091773017931363620232
13339352070538361426922697452793716022181019669565217778516427845109742059316
57299115235679665387140808651011707167073034708940123599281088210366998553104
47099212115598751520599293636823874240653667625482646140784444814989336034178
36720552071233170516463041761284000995270481624371668202847295823469425413255
24039937946059980653345348502145393346875729629722834966615992281229317163953
98570226268375880268724162824805380289641108036913552215541209056948582379154
101717098973608568425107448112290168492624506260550076693901174612732868937302
18035274190637486368260611470799165197609839262961139727288252164994216667690
35196528594463553223306712034479066278826729572747249428418840782693770481824
59150059084294133201535788121819064876321226996014238157449306856123519713868
49813528831760929567275671233794059721370846924399019102359771363832337965993
81545417194699165540675870213099749722492299800418715122494180436208977337427
101868508546608591132033065050149636374465223598348235533812515748585194259709
98615982681564104804860878128285640388859708958640971493103006185416524994297
112586768941390609675845639115889822168966056277270858106237130409431401197693
59686424673325776879090465777606443512492240978535255544142096079980894451572
90300640479418415015242699926979935274278591940534510656608634427433441046698
110040469710715181334195296313472895185725151212728165722357634512219274812376
24722736143913504717027122141871530447696686032899879342120685062017844668859
89128856678827772627970732774865442213921664762807333922616073482171342499951
656527154968352873265671257065141933980933537625214187214485748153397018624
