81337695539280653228143952941278859475469951025246387016208605885961972219904
67943567375560246137530472311951064717343674694817112893078620884754717736960
91247904255293533887957473166283628176835839805100208846721043798707104907264
3362044443999269985801216030935165019773212463852811777230132910832833514117
1479280829263978281304297929382039439474867800434075627533234409020124949108
2297108680184204706130453826086192659797697804044089512322314586036966330464
878603643661535366125471777913097661489041984822703473408691349497451631948
262978401043655584664920831688399261117818166422178087914053315183833131147
2743777215976190705038660645181149409453529397817033853583088221280739826012
1399542828046220232701625228480061966927838407365532458958213309797727235014
3521044844405941774164263091286513141853253497156217486032153116010165865931
2255216996447057594217346533585046249481268820233394942106460149503390895674
2556323360878045617598726752022028138698776240651035361144412181951827188674
3440590860021886122254490002959233734918519880685536160710370814496060323188
3611910747387674493197090473411576791952157747341086642213644603032077980224
129637280286252952235564680379464700412167054894908613653936054861023239039
1367106361969658723433835383133308342446319155477130836924917633597431666760
859040575186356519915943544617950881311393503766289573062693958994012437610
602759998523230126742234864758855216337161714361983141374200520175606053042
2384855204579933939172709306848839420570050614325684237924249085630954471149
3237081357343940197455861818447644239338044746237752852507921625667401614483
3200056513365726800221402677272438743386384949752835883429639130548169136697
414829647710842080321246161977095985735711773881673308878218908141643052266
1050686181450769286828616312857088941670571510006344796034474442031177885670
2495658499949499117341734865695442104357791397517118991270765425229326272549
1564698575811517317456570878544512909131822478232345245619308307966401838953
3358867255876508720442060602290444183965834902122422143164103385987094994043
1261172992766406079985105242502188674548655996746115940962973534115391123587
3268240540917749791611416813723293848640760405468201348087261995446265784549
964022672777914315811107232381237279277644133954670289854724675698258466095
1032220583344479906089937000451960238930948977218571300393182384597038550516
2128571686820606370256985869942241092378459255034561726331830362044320213691
9846758912859914933326510077362110056925378970228441237980562372392713447
3323933573517133622638543683577732924990169973437167579843291672797479643474
1333848698751489188973895492194122859354926236051225353146754845319646115438
1347424536296967785171807908725487943297035794095331723764894322430451064648
505586379053162467665472853104198042545675243789182302346797217730246910993
264007944565624966740195952696538049927233765718007866313928204015562711694
484576414475042468854273981595196322658749336982886681645334366672847404265
3318421487226548677610469567937490950708663230995310022096902931318639445049
2476899182454310077646974653807300360765789175083206580939829976432479409251
1990460041875275613498753237242901297680079362663501968839595267795934535661
2056697892351161205446075532660019543205362517273337378259270557272485149637
1979096743956664465037983230912315023181931107353585797179000688983955013198
89593159212049820500272911695657887856745489225425983602824207175527727859
2136815234149473439910230729420721179588006139200055522611635594989826141196
3007227753110835765568608372512660746554499795527254049995780212490273330800
358670496640200538094211180326783789890639845834159019931324796985797464227
1486720320915167781705452132488656653183172194015266373847182089563497115245
352517273137405007838617210168891864960805470633727954221717634252519961668
2687310916235657452043409318129652169483530315838792985420377226832287965496
2618151795103596668916829324334885086570116443768345069079034564868076817716
3066830497932893695681748634538496409490978452277972741950293333913012479478
1856239992195400370922587066610744785745461807896964886716003379314069769304
1648814460341429442162981026612645426645009278358050766898409776535269064335
1278840920088830238685115018201818976914617227065475400607632201865766176768
2148512641855729576269481024494604277092163566565317916402731011955365474414
2305789034831837007392860800132040441340623110978623871541089965876091616495
1493605258310588058083961021444695329246952551515951685286428557642644162275
869019268580169288517573132985653021087431767534456793859543180506066233816
2232010726800468785055830036915551444401540591892546234741794000645967442448
3042674852352148774909343387224105985094064291391779791060354451204692096600
1954884567816661886873636832522500448198576781844407304552593316527412102956
3548458670181405510037530027184645028898776714644004856735364919733882660685
739053524109894455795372750777906828318763197274726798592313700854464816234
3212795282848805553677827439834726292863803910004383273475224549436977666551
189029469661827121096696695776552949108158136398625081744730391542029331537
1423689051204046051550092035647045981599509867961687538398695718714987869690
2543911399167576332771056946605552872920869685718413869478519144129017605965
585813574845879193375104594756073262881158427411057373265774612237408670339
961815602787819572417201830128269842889803954925633659726294155466675025154
1678126499158429369346433105543270548772074925020742793694607819878010718280
772089435318276597490325646150851001264641779650394254358819513783900510731
2111039506866632122773104371215233906959698155996091544991706552751179922932
2943396843021884775724168023738429065128918040720488500129556238050638634945
1013938376258910588577829094005303054096053128977374897899512534103488525245
452622271987588405540965943194042799876621804815018693242107327204790017818
3442306782816602381703907891053115596107819337870881103536499427310458960597
3557895912190846746305166431341312337162455071636435802991408128218735806115
3412182523075559969676785592758377001371967541850403361365631788298582547347
2376335785241491982554335920529972940125280759010656244625715495612470671422
164354389287968771443269236173858756491934204217425610905865589759999453301
2866099391760295680044666233784947306356539554473530463928487017675692274561
567479815896077824884422948552246039373183591782995872993245766429086348358
3321650544286186814155893454872906599635454944570021700498692316978759494478
1755311429648026119101031404612766227622953964202073005142235341481082484300
3528335651035864206357974673626123456830825579602936292992635573017777984741
1173486650707769338922672841054452808083785957977580947359455736644630383530
180708664408128931752971149672379198120649803872115773835177843327826836039
3196048250864095960075660764315889286719830487041144531244253380646437197922
1756644746179098592197109267467470585980356507574317171897651234888280640419
1261941967242928898030954441911556966813289230780373191480251428472131442569
330652566116689047420479377253625376120637284972408472596712255655785035722
837102986735008178645241608848494242155339376901563396222426534845003725223
766396359415543416179321078258342386706597188837021404041904872003729291112
2167174313595037322067696073579575568267172714442508836970692736636610487349
3002167367488070865716433562098396402265140040252310855035520491271444949341
3180073077361943575189011175565906842449275124787383471249966040787985028929
1074521603799138043939145036363860537416574362203040186380012427842388937959
278914722993953009105554283635307896164708309273975424071407621081581470479
758370717615029738016127698832710925010211308494677855531990281282659533687
1994048852242720433720724986472063057505081834851026655667036995138661905261
1060873345268745783593647770318563386701646133979168018676282464269758460311
36881425940507530674133446233601349592505713937401609714556870377278997732
2037660591775807740928510657385144937025151387788654629103816712038896419649
944611563271586249440070873188986499563015507932199686491235816381140608917
2271634228518022984430474659517670653890212345362202565414334213281533903364
771984252148408742645661783246474687906751155255823548717914790858634926550
3600113244073007527417369825986661346887408346244648864139723241140389915055
142459471675719342038663757212931894375531770864283795024648252471283458286
1577701362616047858619544524779583368201347983249635238207059169206848373510
231602242061773728617242816749954035415899913481275495906666386145681149058
1764809754249453702646528434677549041158348400812966445785579295058655410908
215719288898704768110939257859210035678048219862187958924774537379585632030
2225611737211651997555039795458621621595136007799743814774805360557230946718
1425774998945424369315607035868447937317011738200189066353654749782083428723
1285625308908811250072883694545096019508879748880162040136492678207320466214
2905055329220354396579737161570020340641693672014385139163453700861447922742
575851458032556367055220018278080827864073938755057622431574860770003031295
2470097838238725151291874534512575253919587552295513220421226210052702017852
1612932947428882398201691425627119624509958750404186317611035422604702069201
548092731156948821730677787877630821313751345221022048404881731037926010209
1248981901524442555870295032223669309203740922590725961122590781271824382742
3296417067131842259036691542303590772382997920594572460428583255648770446377
2902111590028384744538600455790114999364851681717527244007305747895656460883
2899483528686511228754125201169745816895694782162512200291585355554189958900
3428435178873773350220088061983200600043456549716152006281945492088257485234
1125714668695047092734869514037688694694483553252294835101081908055994637181
3146253871719347065623912694575579838284581548425255950188023057697971871423
739323951669740027950796976276559532925923123587756473494587468353422282821
509338985899302481264756758802408265799186586590907786642150539006420364136
1057951065417655257566650898332448908210036998619139619019461303839946860383
424808190956466931947111766787920531354983802570126366566202767858666010080
3182475131188942714535833259624018850674949835983856834110086727516636775218
3355662255331007292422250985730001036047010251680306910828136368555873700662
1686078376257674501108219246978798037937529673900963159594981363942645745928
2046665736608821339834503419351386096513597363682999209058690429722827076810
975820487205965039330305179159661528090121482921721782441290784059332126110
62365902940560252343404645378036909840398715436349305929892301783024187473920
45845967996923283975416460654799571263792656641031331368432860048560836575232
55208824481477593707663183358941620478703036301245627349576315875355197964288
8611793596931670113042408913608183984482030348572770499837196180762191200256
101620958055888345604029952089092938553151702973539248333674586853873157144576
35905825558619849549103893606829259402116602268598479867454540606086106316800
45991394331625709047040719260840240067636055636144017770455075904934188679168
3079494540142277341117527328608750147430940858373499144082628852926880173969
2829475883708453216101827855690482039243360764176893139598325907355547869776
2756919605149199856386260217938558707449834001345017577238908506410777003862
484009997844474125638824168355851985147480692614458157001091153300567885722
2643754717202580959801372576385297258370189202181602697725721374899297157099
1562920769273995350558969565648435772566863717313929060275246647538787595334
2275988393575784499137741308420154207727713837516383550415903415693149141261
1943071953777217283575896335733678786748286278972184804529614879056520973605
1896500420350277205990871095684289386568521058175232832696185947825529282793
2835683480690546866762053801305378348327860772160250500458967371454540634310
2976408750833526110189073889376713517308245974750468980009791505725797308478
1543396768283246552305251930153770226988829268216225411906258679567705602415
3497462267418626306463952846324692929850936815275990324574947999187119410579
2145818238464281292863660614932640909338554468232469362615389310789351655461
1547569716069609972212545343496736474067721642870232633649407931040613308952
1681037636093162118561114610867335021059501130350715265459110499498017954346
3273537585422972738552333156154032148465652504757710318063726360955347345938
642715726498192496698938232573483560096483031862585213162369423297890761698
2497277012789707287143933540979700009240880205117091091092336886063260810969
2332720850666450847640058825123676991912983733621662717963730132570920519249
1280114534176951479706757890925654248823486340956309686349885384475713329190
1085948253507318683382592590170786338553153216658655146666309148652837243368
393187192772182013151305647202066703000953774094531435886851727616986103533
1093871181526281117664426723208331888379479418851348373376400368296685297503
1263344949430837229046613235565581321075131822534489570731280579559908596372
2057428871977531404975179388161400937145401419697997019322182806200521328478
2365561871062199733408187016827871303352328307003493793614533489349497829689
2283091887909739991489975149070709252897723113742022911654532565734729571755
3113301147724779749561242217490284043443036179697002629123374235351648183979
3317391174688412657476785939181619403984111146414423345220706665000499845466
2669903592018572892956221837840217188030132904480482406533013122720479722871
94955781037023410400085350572478585559518628028757662133667762310605671511
1156176869460040392305935715659989911125795671163486567445373229352329270576
1810985151269283351472763856031353535322532497043002766054762639276797274326
418755223013337241181678599754628849637179551991385431724117765288385239422
1215830078039103797496515269288642475692794727384522641423980601695728400885
3554813847165554263765146349930499160230406929473697744467083618006262536554
775219732838136731308714519251134970239737098118219217427345412180483425428
184978485755898269041670096169500784515754057817422596738487708392610802473
1993205690385670719273708418098344340605567754452695670204339797755286229447
3001195332063012980161366311857966236676055871371412872611499048500777996065
2126611957718745657790375493980642012065988332003015428945069377856441956764
831206341075427167894566228755794099853730229715531968856984690609547721529
396455360219390447638292688895881185856172821760999358371267899857249938957
1378477276738244247306015421780614149766321537004315373105795908901741021759
2213220476920178275441016028954410739355041516767312151813391453064396580183
3107797626736341191886883405345380622174544154801557063586236419551096873030
1461474470610124100271014497362293614888800866300018065856059181438714193393
795427139591484588420220050958871791067058809686006641820393145266481468238
2337692937554648855661286485711777316628934551564065021747688606903278477807
2751332744057818626246414091153739949548047934544451399451598069037267709205
1519125716816812842722541616769613065861989769784437156371636742529703705463
3610028277007895713552723235849799592210523098091156952054864101964839945684
2515840576142536807478901253110980723582790562525414161429576346661021624865
872808542127860332721318174275081308147692258571767771318784245836142696524
1720023475250961253176124784129906367864179092476733801782219791545116806681
758136096283317456925039131133231381744250578790379302586959880864836570592
1601759733086532070620461203656954603680754870687060752685768314570372318478
1709357899529489647707207488692250048819040771064950610867423569227514121987
2648291482417863869676243754981999221808532301107180751517785220763709146017
2581312590421784139997835000467556505270487013179065490981589850234315353625
307729056137526066085615474037717281716563851675814207442294350999184070546
1887607049178836387570174342595129173255314886448699219786623846040990471171
2741131603856397624780929245219478811834703533912977596066287478146188088558
10432321521395845969613576961692282725553730222905633246577349300148
50528811011937589780430054775168110769160193437027074986663843044643984227120
21028440639556700394874287315497600497069571809456246545541381502833026261286
4369250599367887361935369383626562407515117894238749647535501275639949986317
97059466651276401029371971768050714017730504244530595175204880230456901270863
114843601296784526455561236952798129753491146538165798166275036826492907892884
9146944082906933144527941532783144667419578649519197377642958110743857139798
56794197720829656042414535610524706981703303222397823842018282382900664415640
57346666047914771523881896746062099189374943061482128678293147606551951903336
31442845096305563295859629757507550627438018585742628813082370388169845642352
55790617686351978401750526034068064944212599337407172347617828716841650461704
91457321062708027210942541325822349870775515409858963268072230590666351774567
10038662883250962996599473469256140222972422448840912300421014641399992178603
34756933200527983909447610895519129020256123362489409920216128613193619294706
67723950335114951267077825690257379782566712386898289815795376679431466550164
55516966875109038861889861045721116963677689508493786935544479536242927881758
68049781941356692577305487916254032288846743083181809287634047590474941047377
95721558131764492001724801986208520034779799628860175182524940665432811322520
22724522451613891859801117943238585373335902380576642157058150475157989890479
113112210926320807797526641977106642528084732071449118572908375382023926367519
47557841081438329196451775192119564369414209103506920914472330117750401154092
57732918191312076762067274078359788926299220930769380265085701296766831746802
13676215048227580019363009203132846372917964795687790459380191033935385925753
18324926041269221609675482880356958033725074644085547044450542134477592747068
79790447900188240991325613550611364039652281185106625652022771910147890911256
65064595167597596078742369529975017883760954042421110975796277399971223132159
15253594991004186575508840111866490386549162885882504443377192445446428781874
109727881385788643312677229761991528630021529907879504873983374475197641116803
52524649623023966372680444556643407968580506405220423601189878391790995971756
44925502397755846813109862003166164562855084443871809259224732756143701087288
17916870360932747554126035087983541082181591869023794728740750284491683494318
72469155857030037353911661383223138090201026997390979061023241178550747889183
112054648211264089804885788322692695876265546334237694500864761380915718610022
107673353079448124515209788038655255681298544368656548371003539466242522232746
158000127994183383525784463875786847668554857136345027836028304414256670342
4992027875557021324260230353708864733535771891324465397337795997412436106635
36748875238347817225514693287739109925204707104497371116770252116229161000613
50242538103144730451534221763491465472022131909943125208856503684943152448230
71207767080064866300327433954744790480098210149130645427517532612481396116673
39433025849963650625876406297737403770906023408706646306323307609977023903515
55937823686174088835035202756617090306417404678234720164972256768412686944583
22310780945411502451293820129964920534296707783992617754245211783598555247288
15355496684201794085627106936720337155470014858475829853403435351002579894907
30251133771467102515042676933898499741524942432891648143795031365799545124989
15163803274384277454230557698368265104723593747801728602988938807732448019039
10008416940847205548871918981547812653249503258866757677084576561535711897973
75692792257891585415813205550283252146743332500114885925144116496612912828180
13037878334146100335893089595934088168020151762109198019410458656482048730260
54589759426311273713827446521035664561935076016597649745782594024627762988460
75518656720527628766136855537740930970676036740795829171746415796334035209335
36869020401518060671490110829610092687848302768097763149903572111196091838351
72257205638829231781469454054880607639502324194105366824733764424247368655840
74521022643596812358981443525557206466323662439330210062025560947879277210201
86437184961471016044941853215531977745507134018346941967808781566991332605617
92780909693041736558354846598494755898648299969939097098440731008867769106747
106805337154871014008313742296568484235404586125833080556971171202220348177383
14990966261359512247328784291999040443546182042551068986886906479635822519090
54621499880933000039696241405565338489712344168959894886097325708815048059337
90557472979170303741538967748956842954790717426873709193159669535341054128349
35440191343742006765164850217940199531278174998851564804132030527517560121924
91200166178014084677843448818889408843518949351881489595817370903624347822837
72440036111891972426907504034098781459771769170272165233397617685055248140749
66180974479255962466784916268800611614208792516143669252699390588428620264332
102739789942124130665412578089262037569482110475068722875439212979814953991090
74383691297736868437348756665616175267731755233418996373107338740470667815644
112203451198187679259601816126636717442271924231996864630795797948881097053103
52670648138819439992407922765662681448908126188097544290639478349726888459452
101825572870577524408632854221849793140832170758424499641076002775888167372138
103188224109486535459640974789329905912597123968304181343774992997343635814877
20699261370751403073802032639477939917891610580182474260230462558487043415602
30721968785043759593800244872803511642398475232241612248691265303161958970015
102181777511145160266867904594497543617092301689975977503646951850693745190845
66671891379540014564233847625660683874548757065781782205604134287042403689319
107506274659352385605456458896099527131755457077769392713136141167221738942445
50938811175981555812890587448923616026962644930833184796469862253493599116941
59219811487153634328817348787490261982226809147750840421538314115554869532481
57649633745223038867495500493067560005280267438434716012784337430348110024635
36037451260714801509204236663893654337911377837993932984376222932723599780006
68647078358024073954571682346020211955492617982607201388440276728018199549527
5145545356809849410569243930135002302668766145842788246533769829127656772425
3708875460107428246336415387127557402092005381969835623336020033160447907444
13867360153781557561069609206848229133915960155688658092638388767149243664390
33022571107239467719326179369171568701236582397139616838267362883202221447007
108137531759083265577174466851859819297861551341415303229276148960518677780991
78053081199234073416998992099903310132576453831979622878383745558427899172185
11591571651224866222187709793230842672445266399263784928514161035806986563231
53465412101319880121592888097294813999359249914462301110700933761206165615492
163876408263688984859376488116738707042597095373915923732864410138668138237
13728236251144725182845295860227864062455453917143966556378363295890617209480
4907500325141732841054622089163960846776963668345615541363047004168113088647
56044528692561853174709537165851944659105210117215478163065483838783421455813
24634269353907595844529782650323793020883240611282991270752051920942458287024
23926439866242019226972595800156065561667349734223859645126841013286361638289
69527682602553636852145375815772646188156349330029435796817488531356945163258
20055206088352173415416263217783736403844974895214418778171799607332958226883
112120527205461087768991610502585531844335900063885570432454152596734655530477
34132194932481270474228004251152391662124243421198580539295325701137060605852
12383729846557428188316530207868306637189322800782288249732128827862165879291
38324878879317510718223382610204647963638596057291315321383606819343532781222
44772755250715757283350793563516559993298998979993958749477633947649075941277
51010662631444857359405427644302374822119717700795040442238465256145093379818
65053933315878927159254107863697052370197185819577676199683639392089280662011
4451484287879594167464579924323254274343668695840657740209223393233605049849
70521137472322108704326867609117157393670983895007534049698246681772121435119
76717238263939221975406398754178604183664093556143115048587518774499472686912
88691271358227334402729122659534485251269483152319839196664095628723181572227
21470720215823772761717222944381878113104836029959285275750168947489543020968
41080116259946565035921003395084893540670397649960449544639703693684626538220
11896271586440624002663029836137404429099838711304381719858728822695219236152
63481826335861913720989589369404262622047415788072445565525847294234035122533
44997618346681149822941518053868919295990496468987759336531246691025895379106
64326638572022715560574539813659882093751996595880975444748759508268219017760
11330902297992067860139189361919479032805953225097590370729608241763662403983
79980023380513417085863262298341509875977596088564269242954815693455257372008
70838395632805747048572795819282870602418685812075955374734131126822925815025
1343650707874204493648860296859056409837408440749711242235926977744230959166
1095410098707852304461234702632999225013103038643107426568733017687463159263
110111995436351285193682993985007088990929408985392978872730064415868932549359
92095348535592581608963203039848381271622256530813917991685799916893711758774
102085009599748406278944282279011818490097126392964418193270540172749767746395
38219655789508587790234345944968745445044785659743868414711534021128871415742
109699952347094398624356139545971950172045686916159629707017016051023898458381
75009127588406648173078464105494035920534969131252124773591226899790762449340
82179381793508646436595890083312661886735678397321502653536216899559045546430
82217293977635223999191079199751702016694726556576924365547301379791668126183
103322737478237065985841204988351504369316786137916796593119191824938152929472
13882581553398856603986047142852393426158599743441814633386697977821742319525
75917239651849179016076951995195058994099528359021050056848629474674399619900
52272755593958544100053830870938549412602491111987930915430900554817927347956
56589564406110013572572347181626627665359977739752187312782086128285318668825
68256498714108869323939132842325119390639638826157209761855993489081334705717
14064980939712384565851049616688840254404704151317117740023630276285300520705
30500649178318869767750918217221542736430689528729766136324473542409147461128
13054646416913354446302347653157822033875886645481348741301469807611438271982
97054332828001148454551850408428905545486952245386277869879225715464652734882
71921202207260632717565506039869224647787921519507325443706568782429793760868
82223522515216788083789384702922011964133584749959680649193753560863791283144
107645690514031740557448056758540029611840264759314595748639832681288032718545
104229597965024408071165161167937795001852752769218734613623522636229087378837
71548678359393388541886082746006093556781648748836105786429823832556617917364
105375363220118436191593519872455371196342235470237814157424800160222306312693
73912645468511980070281755426506380577964381933243432456939966732133225938227
69024687651497493266460495301273742529448700934083692565185273564807924362563
45263801526329514406130800731172382590315186409024002608169727023636140507995
79775026085990490334664382399516451870807252284402310627597949828036958903119
88348253685691600174027030739838089471751179479632050479222753988288958625039
42540592643261882043640092957826203721098134057948397049817193184705917746140
25878305784753462271181819108818590130573678059654703469110621026866568038831
107856270785251860219162868105002560902932656960151676029574573467114473605539
58717903857613561865506988916841821836435149924939034856335277763722180428843
24582993305183020912878029993036070226700602320945116482570246640571781887688
72875878517247205406244543247404756388281821498306260829653145234461115400149
77131872429091644095041404687982149477901696233262329089846981149655503685812
37926347509086080786205533352211666725883905290719549242081937068970280217824
17333018593389127816487982071020281727451234710410181981334251950886465158699
97452201320550762274104199106156337330215243431806130673960331545103902757311
34540777501590793985134345672423462689864157824720015559887925400693707646184
68345598019720414528885097920552535927560188925599062885573225851884322112414
74633143833407839635605775449828902122978932287076477840486218117578424235327
73558314768387238942444331625425499106873991568151839904161742655810993049038
2339710797275589014925331181266669134275076798828471296701356769430540273223
68048092396583279202149350663255239234448919358236295918883676094363919243989
108516258745287051328726763625779530837309043275277968202782610505826154257558
49457520213894592357729270217122182902409428401909653586840947063622830384704
84520647965881234683573839949457173853897126158437261663064563736001646974505
59533796224462416500239570457649907524536708814071650556985983258331788025679
5070306000706695042106058890854566159680083372042397665591696384126970958162
84199893611212557588399665825968115518761244723168587593997337868836055755505
26828955437573238448345674467737274418164256258755422010485771300301676987791
479765641227423367720292835503104661538622775540716144625286745391927674681
52032145644089687114629192518890362789388905744506573357557626366717674049152
71234724584010364186394679271447640106813738531538537389270567579966920064433
112257842096062747079082133439444776861931494082457437926650844184266791077992
75342282447747949762384384686494737261548243796349408815919196452468065130420
10238075528593353973849796159799360711601778065135524031082613731947372642903
63922798246197984454224135777806424800535669656411250397838473435588663771766
16480895418106073187250641228400756384081509648138477108336450087378346593930
97676756787365205227530059033581414713655386172067301782589931784713899614371
42280237713996441867264007779660645654537108508729835004867424493285556436700
64189378309161341898213718342416100137565037624539495607102008510218806059014
103692687228159102369218851982550245882220475864202300899081243993966576322834
14026900330565084083029483204928197376278017167658152741662350773388257929747
60135020840192027439563872627430439369749169756569183768938837888632109824967
85391982818013275528966278476621049268960638733265622181584849430562971073550
4711508223458903142806791797943838494825644924023554692099795659539483227045
70940596236910085494035078383638793767428256624257335765688057943200547689575
27783389680955791893046290578268637962244265693398577281786242297408932540502
54453159938547655958033958029449873823639387316143914535491024379987843032728
1748255063215864653474920528200486989400741300152166106796215684642622797555
50181505931928238228816261664570916138783036859301389931446382997116714816768
13097461999571922002564837362019567280709422671961063866686322042487285271577
46222483009033312244160209590938888231086033080255341855282147143424114108000
77209530252265127991142126113746812981267100939025857346565194812969800438818
44236120210814953865733432813958018135126657048686843601241429645205560461655
21643918493451359632069576751367217909542474766863362007965750812015313680290
109397412038734298748519705108270193469724800998564288126699886307134805508816
63866698669681422288664798820812542592173249330722188995126175650523686435628
63258327700527767682012099221693569574344673566890317734099997598747674632558
2602797548055055022016779584040012586351728869486751976783420889123182092383
88373284291840095550615541533099049823889636244044466805675422483237036748101
29153917777474704613106886998891698194725172584315039525632256503575456234196
10413611654666197294132078668446236537696358981852774518763431384706648918470
78187902289522699381598933200075285748659066369668840062509765946490451129988
56654628494031161647099295776357814294735916895590240035929149290986731129749
75116978759047067366686285122275824686254763250313650895979175057946420824028
77206806639503600309708580821651338491976897869406361411210924142647341740210
95144703294899536170843918687035367702185081033116140285557576625963249719865
5915076845585545612193368867234896539196148810335821235522959919348765928424
84317754013647564335087638962737808805421712539291027666648687547261633278736
587499398544603473884471391940317958110542011343368989540562510045914196874
105840958290663033039227067593294987730502164309215958538407863304739427580268
57892597986314547763643480955977714450923934185125666569286061337667582459649
67117881422726722436083186700674710701595856052205263204934816957545423976100
10799674143119973765773557220218395554354074750941395224041125168815940036800
61153309537696792174698220669370861654916459039308621274591100762343546105527
27789162247988679099910129934722398391391577773294265982187540621635833183120
91571098727803374612556442073616146831088340476805725539768816033548530818987
41593296327422265326259398433802820617834371155323553932491103037132716324659
46744213695002002975072092558992228124607576633544302579840975248502359872335
88725314256448398962962919528584454289154474394024705267278132604423684363060
21005308468556755143671551642519101803654048511319220419722536716743211536800
49503282705020630492369047974658684189358773998026837049020703749774630673492
44271859703281784439372742607011682762462034843027376760739420232224995580468
71886278841166348204833100283066056854875866996450728108814254532016922373575
37716113745518814880206523738904606402009638371478739317616643513382044038551
4899992454179654981818228875187966724038391799365246763206564286352221270924
32255739643863565952914148348992125017805060746761148218258007469673368929280
40901098843867198956047848204519050152807891571767627138177630351751801763
3442459464984315073498336737954231756068004236204833864494619535751341680554
69490048516805474780518663300248804137295962021005001325853696688215534848766
19483160135695176062330652431576198858224472087707920372068218542514171818899
56577088951122551717473375201721562176349176029209294118441699238471704612697
73561167818474244560868440022054025196158604042373153977009178399073359430018
110308004830687431232374146064546946352395530202303949626879695720703717456965
32577529189067170361803065300717719097287318161524998888795041577599886872136
57520984375976750560968071614698233146678434269806384432094977348296098393017
82866643429476907179058457728716654429993471935606358905445070512087748409483
64896915428949512724809398574730386315002998952519071315752939657672584764981
32195674193035441539479216504570975731330316676870419891483348175742942415750
101356593282337474876534511650851277808475400919274607229100904277387387993859
80444785523219883776129963413308922061806043913521010780782781543422739178040
37612907067730587352068830924780351020395137873144729545218206718721518193870
47946931157824428753723864861181783486921615825660647993412551417521649821533
95249498558165467200748007040100542844109191377821527671287143720299044679736
10726055399231213278716474422365479309367376693413692337021257281506177026444
3663463828914586908222022638682528810892843317965542856135820186128862527103
5663190650083433173083121528472194653395809974165319436476511320799870713856
