104469655889320055696601898426410726136798114944371848786837463861478698254336
8837827755166677058649455205542793297753472683878356128070769136561142366208
71384701570191075171234140450668448687096902232192654115979685920770751463424
1718554095847192098517411631319565947440868882080313998147249045696435662119
542426381345382718269806553314780458823444679575559701180102111510598533099
84126157047179910287637614955877317472421570288533701962563576677886551864
2073752666511015818202889013060778219647726367760116159837399641595403630722
2617968622410413474237846860842066551796044136136727724277079790893053333949
2803666621197336339223053403737578813199454446766022215597582942328327080282
2963630533936391471196931531857141522574480801135044075380041951989286641063
1181317234024227926019700299584036823141031378221475267073139016466829032643
492870030459264896155809901008471585762557860016228304072283380257027534608
1137190986829706795992894748769994776193930614284387589516669055348262537008
3131388445853286575971562129362691203519674799877304909238667119038303381109
3250619236063610224553007881744817359156407639051633615653604088207442253076
1306610187131962169113607372557333412208177234053733200901131923666695539080
1947873403020143291708225696266810321421257453772303432732352529704732637252
1064437631250307243140908335318970294974979649915491641112689040011982532811
1161535659979279965718419804442114135916300930639443935964961422887783655096
2968049007639124454588436756407011165893043045570020348995688700969388124204
2342944384123925926244530306996700628008888582094132680702969968403681386304
2153875301920553436613228684386813957567219237614286301645389850181250264886
3350889111235146763930811571360730872227303599212735501463462121349335779722
1972342353469200090484137275494651299792322733799067320191071498515051268738
424593118316577056367777705651004900390682818060428515643146469031787867091
362664752242179810144582554000621522264784861649120353728341752845551138742
2006461345899445228184086779871884548932825306086196898386793681494242927176
607224105565869933518276410641095429355069356980231409385315503069410977207
17892404881155061722533057795370850024278453748692857174576227435613638248
1372930379331063713204856485174999890713316760488357151550632727655526326667
638831213436102351320879945656894115633620118156378290840618822757344158871
1407987036066822945483258291737229370640411843404096897245980532647382533643
2201414839745229770105649735798052505127976031873986871804682853544216935927
1923659991931766562009834887262462848639652260208503237751471500019130878370
2199225152756217573005366210772809664563733978763022078816388392461035619536
415986974180606831865445155525313551238681789445342936449470639329488990104
2786808866816468328643724288100468190753673249308592253589655035390252678027
2276838379514072260356363131849000532228521137090428240048147907666086252896
3237657950667948985100051796886347120359033203378285018713023075998425015859
2171464548477223366563167642536041041264685545677731264207698063082839894859
1998866525816122910975513212723620733493395807742014830646280717717431041388
794695030889195570687391904625646822538886224177355409514754538158710782881
1062741076153614539713111231400152903694422965543351152275632826847454703426
469810298101089820796955575504111078977336427542824852283126833904053823093
1861246703261209444102559352194124001087659565987391571229784517109245951279
1520100174569121993872189347536577020271853119284835108932960775666584241939
1805927606259059179348048708715865265001203473980080962147681055297374944462
1571723679156453583900193238071573928123021183732519181220578858222769816905
1243590839977904558200893248218833073449396200956193609239956553952740842962
2766840076124315638307509655412707048859090270649464966722112207616849532520
124593557953757579569035091954946049865411793030009331801453901829859715624
2659456000274382808349362158789910046950664441475144690515687023130643817345
936830311525253235150540159645654270716985552394705317191536949238007343210
3203528495286992951432356177708802931378898014181779146537883475961149795341
2778925259910279973819746242804566352664485545566396993286487433723112827876
2083955620254176206050586558400934496527455324192651058916923492039019195530
2813030487749206483340557665772221200614904654297464247310386560901310884066
1663584751513101982784538051944291143659585481928805064817089733490716358286
427775504334935814531356917633127203173708356716678493574903763180700565951
1331174352859810096707139120948883276974413490570004560236365591505259086715
612392329679460837048145276040127610098181999402688914517886797679272832908
898129361483808259286880389216349172961826230652145391567871017047391731163
3026402219463095533317038304324090034213751437345104494186432382510878794924
2354389997340437219707554485956838270763146844495654051474534829032037165578
3061729978276587844525590676692762463915281560345750356041959445401995449783
231209364937121518321835201864451133917622350834506761753410578185711004866
2835224594124900867291091206381661986317639180220364958000527486809581515526
1906231354147257394966043668973442887625784626461786563830034283476070871810
1603543292382075836988258782370733154698843301117403614487548381329011201246
1861514967002185805110780943983818027912811445657265159119447580981564321207
2479569508408343722550081961686825153960921231251699740545333559142518134810
548956930832546089774843327480252378227116242491138791420389365227942438882
2028520900781890835329581458755423191006758750613298500166828469393581831823
2855812981551650039855118382937937051653687823848207392698130394069230529338
1824923570936103489984941724667704190816016199961395732542645231418542957313
136826694297501214159081733147593919640912162582017473270933534998090165848
2598721014772869963528812125088139104343645623376015119232632109567654381626
2896556278322431350791192973793927628802488031750870664206980957210521244565
3396016806937897282450973616345082260413523568838254076859048753010765992743
2074536312603621781342099238848495665549620753758126429892490989679014498722
1432611054552565029771565383256462246434740412188171933693168211326593766015
931044361950546952321064966800785056155417546989903016709294582501073239629
1199891159966948110115363064229019044763951071503210780320097742195263434532
2513186938260747189921123231414573212210405353859440724070763024186056133567
744133192257726043890620148904032849731993768898452221271507127901464352097
371754523082081763622387902251565816055042918744500118726431909305662561356
305356809965348408025725706548894695917327130285755261011136366003984867511
495809858457615526713141325249347658110286146833302877815804985634539947871
1311023236614284919379952134351419453302497587385404679026192869245373580781
1046485497704361525476134578636012411145551652504836644714806492184547614406
2358254792810665319667483343058953946808477982865506446450059860752069609261
1209092302205957105910702752576151737321211157189218056180376255802617431862
1624284644343648438844404468599042002534490992778892635711345936028964786220
889772693515246518577138605099873351811952114606177849312721630315306556866
2830492484589613888778719778411459522528865623224769684146142192474118732777
557573054657810161494675719413145137412699090122891723983960309752023248679
1323547710402311034853744398946136414420388441847705887217520627992975052916
415733066665428090094247542047877188315398011693190547895176147354472557563
2556182403910610433859011065376415309829269225152935035727628986779581403635
2711818170693528416276022336254640240584268472011691823396139791231283581918
2720576934770175582057307480653889631465023340948648199927344293621587403469
3187956890224578562719159568530657734390261825270197827717235659310152219224
2207470109802061841084081427990999190370821425957988169306499795966748238443
1608703345679591021562088487808838172637931847713327785201949892249124624075
151119061098258611902300914710504454728758918110348232688269107243029198879
2496156108488909643931895237838104290503910405194233106728852307182397533336
2016800436289326821193694426751255172937377371731717978285111247717797355953
2996401727399908758615752135021517384911947299977605947494712937680720270057
3230784676978218336007523465325517382649768166400712137494525366953167370610
3576683789920417074668107651807206449268820293016874243429467891846821251289
2969577090061330415266945461279371990485114801047863939742190239328743186039
127801571171816091132301275872161658747527609468142145597808110031098990522
561757583664665021027071974282297016999049139498850353211624531228231167201
1404615140782255310483585184396432286353325641493337692472725651558056347757
1798609529270326345388041178841211805147929827139245521499510007994482366776
883880874709542034086946994771116992707959823049546802099025646094170194447
3292452931543409609553157756346909029117610655471758096969204278243728325320
2382926490502844207963759419054951544378045469570753606436861204335174080369
1284989720570930834919871901062718203760018810607152322711400321461677409978
2489108699964097744265166310584971662506882323690852608560873521272289931209
2102905220523226767842167485055925546860107590498079081777980300135613039933
2612768665678366982984693351636099598268570996690574995168687477813225346685
1219110290269098696504250182248366750229619613912111562010559748391373864644
387671093454683952547124459940523228503449508574253000529168397603612598138
3611606004397765173953011262536541313636152832297052814125236441378414583280
2217157067196864952710473907729803691930563000090171051041806778500110017832
1393769818633722768441656134494571310313393214208094533852451005113529858894
357162731943399212261461196669533353547634412829250452768479250738432643487
1061948879801336620781492646887121670644942879203820670945331129978878421695
2869054203793480068269102706228205076205363173781719373948659398417526081641
1276614004647907782763179938448360919500837975301546341041782770504007348829
2505468357860629008628090765614624636878209242793604587295126115804428835324
926634813218120058210531143842867450398419022327910169150292931918697323862
2504902170095858365755777115728269879003198515639009112399033999699612107447
1550885915193544414627777944296965971229186425108846734832126206846344512952
902889129957774827084909248418977945495273006517443347266808543442327317636
2750113080507151376333126669019431925297664823458778182020898443104805064670
2730293204909967401812774872828123207048180172597062026305723419333501838640
42287991049910402156949848833847196142136400918031045448660985866414985314304
44025198563734813071035392500906300352939371818204781156295051293569901920256
41167569196495214284274365652186315690891184245082984280279974852111844245504
11978552702884413464614385238146045528439250509842939765697022625394357960704
23923369786251858297323645226717139644468069898499620055520040214296411504640
109498074539428540399927093504814168109166738452343338895131388359213341212672
26155355569596036158505623787645068547201102312693844175208800054052416126976
3376871982849956133373165891150830080499455850574519960866371415259018388857
1390444496026213511570014615993998648415248937712978923054785398690363566968
688700255630819096163102981783765774757216147289915082667856809914367836425
1723914060948985116250658321379682121243303186945164307630990908060700086025
1330461397853297664623458558887924678019698403660837760548755032333650345878
1316838267520078688388264484828878663455351047271858014491783520792683762834
1266743369643700852933639562789754445115079171744765319766787830487469713376
1929404191301420354371173431063935627834179911319500966807229876246565008484
116359246728436140530297406520347950762985329871856325292516585393603004258
2636394943090694714032019438254940565951371506803721633676843556858144952509
711653362270727395971190820824869053577990374173198246261101757604386622363
1061928776713691231940028447890689288834078501738373246223692358255991465693
3164823962043752215836299779548475608400155264368663883448518184531707320149
1275270134101665992364693129745531965953409084603623555262856209381727153231
1073308516782526266430002167540634505527044945777476989781074613160663239969
1008729652739370971936076473729398925432797811869557266974205721816089820089
1279889297244897970966281508243791517432576319476886463581367295870174656901
2682623346074684123185975204964868507964920468743265793909455257108626201513
981880121801992630427661399625929800255018063048888020852327253908837395105
1904739603980653068615133635825559786915411749107097532170690771221872125782
3347600088810383698093322066994653947537694393296707474432579621521557348555
459214090145637527638203465847386198558852093413125401927689817194126764445
900859967241551320415708331501526864974075022604855161635168564957298542081
3149431460123976815768470642035798011279725463180663328463345579672648280761
1117127063053582261256421620851962502571258909656262854599736743118671398653
2014564566335246664880938909650174089119368210176003122426795006863414544714
1591188311151315288138317491642702697618390443884573504943316925865863281453
594903178092018185262594647899155811702372610908038440709742769552638485542
66954977124886632013385673660687597833177065747245322270777560612673757996
1560808881960673525033717487789629937268403234226644910869960769654073520110
3165483152371671291563607096176374452732211329312971956800173329764161285088
173531067249799088245890544246812473815978131305984211451903045320045191161
3281661532714072877297366785983676394640872745189147957538148021915173668289
2649466101607087111758817576637493906814764161677722267537196456491323988412
3130080302265127266359329598385317160837229421119487677932257059612843685036
589108020394620074462641862647831996093595129570770082218316276947103233216
16844603558411562748352227061692904287644071665072939276769613238565809169
1766823880154461372959071314196782864965547040341943009425012542545650896016
2395719542127473144166163450127191975410038322125991215332521189635562777553
505005068559104619663611020732429959592743037905611607460477969996949741007
3134174703860424028708809237724197512721133209091555788755908372413907742437
3415855967510240215906427481106453220687865131517185662880470012445516677873
3375616217351681738488164628618647075174123759495320341796728408613957047102
20013018991009356756144860469065477019242114619565644646373582607896397032
2982009183320194786455941792102874386199763359444220647182799384707160402336
2355527641613864642675765986184893972167241176573956612332818550845498936486
2103167103113809128443894038392509756644186743623397987505948373462966390444
1683212316741161952374927525077115993285159851510811280299993776824852965024
1251231439258851767989003946642712680516173123412472085047656475307188995068
776912451029391697189428481188103963917935871217897720480526912378972413614
1604157827540522868053940470757069604958281889425671774630637585106705555183
1570399744176749636473263889651663715655463218641989223706456807759063788592
2042998129136774932195387231487030565166110727714225955963044846563606119910
197251689120486070312403173254683126722417616656952559939670450861431605533
769810882156323209682729513337697111607525800467458510427427179889133377465
99390732331969762584659359498369279321123557465132252344394159882356912717
234538592792196504144483390438384171809300749836503780907240477733129523604
610468331348170437941245069104354313140699607319822455020312063405680036906
3517449685082767432203495770440941988090417415932404243109061096038434351325
19589194087939498351499645851572415902020648016594721674006009682248247044
3459700870033781648556817559551079744810581053341661287594023437610498734228
664317366838703703822642634572161565540908784711667859979644526190023512565
2040562192025750667847523170697482152215969137221330743605547672473308264135
413794897236318871311134354949112292791519592562505911310097595787511386014
523987049625358870560005795483519446678815580586308419759677586530
101661105393339486967932116344046168663064871572527066558994612561608160487181
85472058703252197733683956984454409352464205424413649879758493240055295207840
25214439735137484740753404615660440913932589025076540926537039504052928998555
26952779629646650798910239260003453554316073828781600794734128035312113762402
33474409213238350908694328131757220157997251333232163787348009813182167098176
94335135859656160247660328399600180119422712595265877717427452448942261465016
59983632635529553054845634224361159853816394573847406770250774594852484969454
5642849913928005896593585902546189213520082521891550935483549951513022518364
25161124596136247097455075224475029984776699399185308412163881608779182022546
68839171381603316201892990104044656835707493612970236975709076226623091197341
7318255363662809881237441595317201228644969591159478718705278273741675003562
108335180073718769165989128603775196350226147755619014609992738021873562608925
49645058520531896527820019919412479395020871282994974814221071559947497697912
89281236252469170168660511459861660736292072260621651024491515698435704710086
111507791798115690695958916423164943237221479574343753106521359893821788893187
113468886279292630493090122517216321721504307339252005324232103822911759411232
103388338716059070360107491489380724356754285018992501264304722788903231456784
86052582690638066643659933836058097297253716188608989637428062841535725479122
94205514996249684579774028967588421332934463355417888582163987380683614316029
12959821779062064314078444669126200023171556975144272448676038204585717455627
72343290231852923036448190711900560170664083734685213826260660271162319006904
12098757664972408430092221025431654305805209213118744644283617889864117299257
1219207808327669268842071490706953870950479781793309377746715380160261616498
46697597890136880192749099643516019575976738759702668567695074133275724389867
27013001204642312662621388414999401735077425603571802105044169046371461238349
5448621125294321819892095892286321450289823507544947904156845668135041771792
74066858103757421339407252953641004753086825811855239350548372110099804843754
78268759013070858087297227275520918807604472268771696080333591454275133223649
104089215193332257208116968869299241974867760788568876416738629704611432869577
71671922832875141930157644179774137083306620151880514945174564669058386015041
103012262696792586610578085518008452251796934626434247837835673451153036593297
112582923823660998116305357706926545023592387842177003295764641829862603324425
67205788544420926036458843617778542043744179813920897005037697662704562581623
54751372836542102929328297983282761645268660529233761916796388658890329890236
19051231635359456809091767168409685830347429421093993172321266158652164468184
114490266431758453554508736364713811039230689799865297312736994040750109323446
26386275050160648168293884241331312328549622903737177376916059581175537540612
94523963600831345597947278064533136771759201227809404622030638606603969569594
103979844288046683503122095204195399246786342631874505685894537791109560999360
87143057594412242561812484311969152087111263793936791161749347207099974609697
71415922801796444159510585594467984644307571403912974332133958006278334456488
10007406874451485374846527508422236547008236124941683555298487193093880244987
94185103466186147124311713778213857288755432316259453682172280662873050180112
96436009321596501350869618747354880191121118577179039617196366803010922220705
10939008143831529594008880738424881797178377141047144180828980509962995903866
50901560326024516271933947512107631198519533797525937297065793460713778987806
33285180457221927603617541049039029434307588267969168307797119541321773909677
92899387011300672310047734410274404385516193257002254120516689018453382191358
35790310640603992496283677088940505112049595638193128166471633854560157147001
80088280123822064761231228495618755885980215518563559658041683340813956784159
4491246594767997363896468067953213379521379780601640467369784019891789256424
69674398135965568678677171842997196965954642727550667776636306888930999733295
80094108197289882512467095731764772078820539745638911865960759940873381828121
66215384514926546643521312040530081392549512679714702765891275518024540953690
66373381155905686368139571395319793532826176256759134405187055265056227026989
43382817551976853117888938359901524978448255702898237044431193691602084528891
6320049431782331981133354464581251384639889506056149736715195893665122028616
73974988002001600255513415857602040823048475569057794172739459417360871992426
96712171782650969289295674005393402849272455748111338386208518196539457497144
109909996002702633307975404717268376007442123550740068921557465067565331155683
40236405763088205371757946718685977766466323963503804623195217018919514112535
19617122621130927498698723385852972506611786245147350892096780219877034816266
106179889930958593257330774567876088057102917268879554047600172445647754703463
70574232466665525194818781079178515182614442603885116373499935202849282436191
13367622445288205652564618782345892450327185239012832098187474935511200995552
79303234433027705916104236595862540076300333102616754842783766443398227747475
51842407638768809549016848259128332167320777652402980414731274617054588819047
203665893867629617833977593128779994270304139663543720462131197378385328114
44708722184901888748381012837763588142610271206102422342914211937755093947716
34364010732368001114479033769533243358575356095081493456026219314547514023399
75918552631856394747106835794376876981003031040710341867080894904935677403818
49096298361011256329476152433030231561509353892377841490721452990692773777826
111865891816533015449671681878392868699993664168860706689742228428410204527096
55638360723452082660250247742179706039678974841231715094053618733822056898374
90898775902983063167832973409653625834577764966976328457034650519734244087868
63607529707648498106240162476642002840145097375859170429276494364639171936337
71251594773998601716788406087066956745627681373491488888961743076715943788083
68513079882059051961074089855558387264261269682188379770561066407931504218584
5469545659213276994303213015453689631744744630799157303640188011269645893117
38858182612816666565836500211831728219154769662712777929158601145882037904753
7834396184662682231341009126087617740344274707703405239527895939024119390981
71395938722932521327566899890158128105034530563344497150318379315747949073742
703057124502723705767020231893146447957372409593237739651733336555952038767
40834093525163592398841404633294337914657277565050841204723978578815796629369
88119941991796313955316034908012868556586585930254847270478341335202724411073
93553655498669087671300500545731477685001403725618064719277619059272502342858
580135484171294561490302250971375420333776177397645743518446502087393400923
39974688878062208888379614367336403692360329033978473734236292273929975239919
69492458553095602403432855385482361089364081640576632370314172404020553359763
114197163866627143991358834228210964488677223072175219183409023238440435318834
81787444265365252548026573151787214938335708247681094428103007300113064763136
104240457176680244256517943247046966840980714357658107415387517673815292838958
69273754439967517835412684853401451841622848874181413615292225646945968257206
92203070204741772009681804099244975286695471317308399133348237461159585642868
47417375347165006724286207466681159997317639022300501666118999330814889011923
33394183412081234770374011001710963791770040334071807024391228822197496410295
93325565714937487443095899609639844050130905067854637114625483802715895005210
23622936828411885067337760436887106978452780444034586218245904375068177494903
30361638134794077737834282866953601457120594426058055642033072725803681985158
67777898629280446936186731158403550561207243685886362311448184408973408935297
690216114161319895167372317527557109213160771119112496092673249902953376840
85051857641456847444893641912312119022450090794336725548140259286932967252023
11546156608253670203029790276776471187239211351675795619234587051861103483664
61575167148744216022122011189966121916011092396812621566862168590583475788126
86483307266594401029333519374990302094181383735221267136799079053955805919936
7441333057837194549922107164250420023715104900546258220117156006173150603649
36319077585934351853219983258734409261379743920796690995252721642226683938439
114844418388322332866669268137362832375965291104788584133160399052537815890023
109208272593723073573905167709689835406059184008109047658501619056995377649332
112788705181351300343053003593664054414297410411506915404255124836406062181174
35724271826825340889965232081090915771543693818442781921947091333693264062265
37645557434443035878307560475013558759182123078420440129127193436557854019689
47858566126429488280421083062426701324640838648825406878962859672804991479283
69818751974548988141624164301198384267209483455294733588935852079264004354767
90913218434185198242847938177208753630335900334993522996825836556151582938116
21411040823398012049575434857933187117206197349738224759012191029873753904082
92622894362092340607446800114066032754128977010014435573739380188625446316664
115255960018090464621395966637040179539823398756667818143561356550500493569599
49164623355775046168937047968023934419698549408463395396050268887741857150831
31933762820697204048728839981524749452564855650327294077662614602413742560155
4562997698298219722123980404208816903865044463481379754022853569529791279808
26273580580045888844340207392854770324918658888903534456583441377455628222691
99365958743242515519489823043669712008326230624959407383876390515975121496076
51669388405125843930881162156658642219256566184650130481186597104882147437074
56435777171541466936661055145040404266210433590815859978958254315298348807011
50991416776031583810641537960735323164106776788544478404182134693899952336906
45114983361353221004348932830925567675472434035000870466218744109973655394616
86731509898827996499549258060324535932796852398513734352452481603727685646775
37685888734993392610024817772981306847747873872970065429243887443066079311444
78872693516725825097977747577985850337616107256282944076042459864765105486304
29967876740874770594457153058095120065685834017194292366354555080135296072935
64311175712334006351458795794748103867260322909180572419793936963426454891102
26499028670328293182611328025393019789922947646270915342307780278608822661164
42135014487309394171293575202154508700070148779760666394821360015721904447538
80733814111315011904491245539613594410443678820511312563209536727497193446854
59388992980614961071954516643617775494022339765210973981954949169854895612781
105561615236807233725913774276034857754096695202223590479285168045294106426298
41419900464181473180223274746483210146663252447213043230184757403172794979533
92411182494675110139201949813482450560066610351463372977883364489093602732335
97266301344298358055644681068763609323444505787042696436322260328268004696806
103195451172205707517063904644647072306701089220327568182782463044881794717526
28648978669837481555535575682252242270017325525052524021325549310304571470252
45824791195670475431845548898886318029942850434664276457004971973671708201608
85430045406699027134444677404521705859866667616685112097082485612735683252287
108348570462136401557312210265423394375976973212833490748359411610909783056587
89004303257710630424674353560363565503718458790804744355841091132381322884505
99772570099155231644166839614932964661387054200187970070798445979772134569467
30467717022777746396163276738534050159371508039940793713977044334561983397195
21920113878459077408583589178066995575541877745213558762732524287753593530784
2830299813931551332296106124903454468365144369703705656250819492250570891385
113449996579423321624170016207969402800181223151255671755551628568592720513727
45866642459260193297617307606649608404036543395828005280525916126336117696669
46024140841579997299587730637492985740697291858249951394397911179319224636258
97605147488770570855957259083973756716573127511473087278374644422327863346491
82582587938776385303423455056007900782388467688575596741777330830668769227794
93433944219758842781792002214026564822114670301648665043434308142613339984300
36742770301037939573955634476468857384755430478622527940765090217451753037284
49112822118770928766019548587288633015363410419031059635612845115540132227107
29286365690659911240034256108585967885606055897305961908082162369148404293513
35413189981537140144483412568575238031465726387399326746549447164040804333386
7591707730197810309960756862785087704133429297946217583971095180799378328631
85991529792811473909999287483049544281891678034196135087635470808802094569858
5728538274831644275263842564809907832581521006723976448512540953868173583166
53205493439048540523084448785866683679160884576265616568005447767461530004684
59980299345688274199684507388603849575544333584578332423386539201622994928868
80377064073544219711127656927179031910304299536942944083709007275735867813316
6277547137153122785300878508418092135846482136619205780022088488988720109519
89835015091256018438417552694481937347249638068021434105300102597445424638089
16004623517113997839099323534522971207963416089257814754765231832843772567150
58528039284646640024842928740551777489570340515197099611638461858363763999220
93054127210233726253777020559539704091851026154270528821615188005668766696246
103442241452531607304594401799493105287176404288422259394910192188219986943369
97633613600011635169322930623263542539269237692305320823509834311093778391558
16643127587333366338525338402923269818953617815978292566921133030600040333904
94465532533710152373825652115857000217145670023364232278917963200381707165551
40330324314868318034820610854005062703972427744610031266379484136132610446923
94886306295889623221148362840235912919558337327083884184148069377788008526263
93151973070165716306426573990909307886007187460660856645023167659129825486714
78895285611188712842590225524784905860574735832335802214171507313845188477211
84013561199791800780739383932661264294414020444364446296400068553132178542242
8261714021242266558682670162916830266147462714765411245365250436086256472583
114103796267314099429260747087682825058342989602000793152549952305731510308658
20470544094872382684959864156629270920497770022701607520072617768022913428357
21307710009151423963988806525372748522363402429381882630394071459600178069979
48705716191165691184267273998947121518456328637590320197528619678109913850006
50563146343958283806273622203554228634785514192521311464574753629484593601927
63701917962953685724252201898693243899937357482974581377360087485844354464609
95202410511483741548795682643440088526397036857742149046239087728925924908950
61552939557941095470033906718770662478738673940494004627992681272604405396548
40537630293661389723986756621556583743862887345270472179024907356032639240928
89172183862040774281489493250584663663669870747898112310303891053011778300854
87058016159629243265969767327232798784738731332404938650042277012011064532111
89506204070468304815179854636120365517933441870605723637519077744767895202222
115582378130520165783721971883722348736953219220254372247090200058693462882022
19635202364579049881946613173774249961157490643543943991363079144426616107728
111877985037600858656649659246541693929944540606473248202648798637978020677686
36266083001317553496489889114831825888609327896584701330617719793405352453826
61410869747982307266649339023109772184133865569985568105748179377784438607591
57090587031624633916548849183063577217277260011249955004089903311148605324264
32062195569458526156888818924073121523920324276955549817008916469013826099117
64373779931338133055954810837394824602197529943100977792135708648385264793352
89365604405669480929615453368157944381308780025828857143511876511198775810569
6396236987945333397995248688860043597959040769689418365887571760986072584905
45351807845944486748251858600090782827757428898955996610076324006914242879768
56336956913241141029258392193136604660519133262252165752291169242108896897402
91134417405664798300018566094186555438803008340924948028392443077200497667850
73789358449226000767207492522846801785720563758858255123690566896790640623802
50914134317575990784621609050921393085226482292027450564628696032316519245400
30319130690088656248748161283375779236827656054507187383258080505082908248739
12992751590454716694163724909033740562087910768416802183146545059603254014939
73746661232179428288370661480826879385529071071705945394384601420117307314917
5479297393947992171875100506598994178188800055395170691465665863472000849028
87685786925270479242763176975297938834590851992613798991779271755049922081904
96633668693842360965929933454656681033864120396708786283519509233854073534016
46758358110254162610180420463476636250454398383288608350760251008251673570263
16125562350724212960049817663926238757577486462534665128155228268750489627351
56179180958728763848845230001137053101569903467031502382865255733593435486944
57495930539229641974109804477506889710809034999890866809575684314010308444660
57322054659792282346473239518523177759082924426935547879358956847523840078800
24788472842798340464477494513127404949437316042175960962728309816037966600842
93895533357341850343639949272527910711636351762186413991315919333218960688837
80730613252155862945104082799186129575599239024195250483577009500604056401276
74184822605775098945386388720202981618019691578498295612903948385785278651467
50734837354716520331352473517605947251820263202615331756476082607665723785371
37482527520233458012518452539783775551937295573125794082190195048793471375007
73708657774486260172318139810707089206170299698619518183682113067194417792326
29563020250081836321793557393364805949586104319017051770880630499050622664474
75789265670628094086071827652270889648447610177418643582815846355411762331802
57602740572541409883674649869323661925728686472593716539060887628389947786579
51589146003263206709102651127416592993367785668791258984334742484843608712765
15907778971139751285242507466071790696508984147068231177244487894993417328515
110541106706462406381183249530598318777229103591635900887860753642191494743852
26188343357119022168490287532630774203785221345213179883025334588390430594604
63856469461936853426795298614048012717610549255947581314097620198205072356969
5666000999969864730549843283141172869631195815632150347883097258470531066614
111607795924671502462796567365989182517683606794922997083529770662783827895351
76605468392967704993017805299897783512048719442493963019109764585117729501798
78186371757703577893707081700254075454979244911953540951312803833414392258725
743598538286335207251808124270172702199764354681362239514312832178057662614
14091023913753777972689543522662772088037228733979170676966492647128409902342
26748373117732597103622687787165087466078924047121778576554856143777105475195
10368718148966020769349244778114223284078809978006021090261211486739839793583
19307033299689778707899420799072137163816208034127831355055526060096052322338
40547704148560711949132304402040800291902963985656569375540920065095862799345
48422343194248424065160556426019787437070464039978377369028010119616237182327
322879956755842390640763375719743446093220177553315138714528120657516953600
