29142897360578642872149769946580275394544963753594355714948936245542989594624
100130131181812465538149423874771730792530254459307725199049779952578958721024
27147588103899486887207294272557928528208003524882079245109478655201583824896
1998981911375633548893724276454249604225333838708776009870588589380583410715
3107268031046089589964299968460879633582713890853550098824385008758832829597
3466315421169705785846734957128453881691595012117210577110021999598366500076
3255267455462965434364795698441077998522447574255946843769279362129632330133
2218588953493358605975272843002613860726652855989139701759342907733084682040
503773086771147434093230699283391389317546624720278106985665592373791568355
862834166878165614674861663371777289862237563737219884616326370697945524624
2472019657005550951242483385440511375832696789776840056109718090462715894261
3447760379526193214899994225678403901298659774818256897033682269232653785484
574394493873915977775748262779760684251012553690359753288645630000332307785
2397288330797838462026225393660520396877290942375677051310558542207278238060
3291183490890739500986805188441989619432274051458049364490669668746499032088
1150096486298402932299833452177623222705378589046724202979616708071894427767
551762578619847054217967382702125743638693216440989724242123594699796787540
1490586627781401489761938747655283654119545144325775873932862312169661621485
1159557328407219417226420894763285494528078140507217733796069501441320269103
1374401897536376733148242610429680899623196191567011003560935317329715735448
1981728856003696455967248655761020408981788921948689360399486990779525730703
2822940206753855247830702130572822164198531563619874009190492396663015636308
922979791132851365041106568469715691617086226074838204658487923815406560742
1623760936200183416455871469605681142235145793245776770372891028850405874873
1540931808628481117512084794313950161653617119930458256707824109181627860351
1495983119492534096700873137273697270708710278351772621649219382529071930889
1926855404165834660283322766751559189551262813171592143698779641048428992155
1744029414308360462671920451491965834192119492319324170866763157312363530951
1268580200555112597243656689734737884264653099418719271823202009010019302730
289309493088204012895036377653920814295232830923419433882637570783976271799
2828811892374878784892149440313036482957750407965424013549595484976844206476
1263705010402781750932377514178897411156996042711482751542245204877105172648
144283657146402572224274438075524049284158867222147221120300677071140826503
1853391694376086285499519794549659585716055200169985438590807472702522536298
1660306912264487045088202933099411862029406561423740497353089345194029695402
1234187841067116463604476582324345785369195985692387584746824786740151527124
662820069301237873834210759894541166307193839918666711045076895893250873368
2076129418849962771960875697281772616136912270055111647972500198424029710320
1376758597441812226993286080125739567348903082026100822958028428690817465449
2542111220373979857257331435322757631457208745635651035418081551630989996033
914294312299073321910771092561370417713496324625989311596497198043020228216
173166623750956331646233387294736589303155783179449303613692800545107366429
1756940152445988565281779955347768579163149882325519645950140765110188344644
833409520845139328765062833934025666580203760461132656638282982642037719271
1794205774851626618747643254899116569969115886097330127255548786539304763678
656033227783774577746850504208597920399247963182492012071605178912587104399
3074048038809560901185724845266279531132851746106525811056319369464622707398
2183198400246416555280556989342257627667333551449116011851090305571100882185
1082964195428547007039467974437394840463794522972136014715785318588715508270
2714553625207326185615266929395194605968854303671546887049313870902829261487
2887264896594272546820197516398370688781829143991968688405229740702200312867
1750360132892027771095591689346398569627094975790835736706959169926759082538
952123774161735266469919759989134213713991168076072505730902169009520350231
3028941154255706174094215557161543431437130790929254361768339828452629294363
2590495703640993922979276640434436277730313344826805265858341417444767108617
2158301789118731177820073637724828228501744748729611478699159871996741149235
1478628521808235607103721835579231857737732555926671340868485747612909147237
1897400576370225778005948577790951951818864681908326313804514175600869033934
2326233146994502116046791316247802758671881952057032890546215885111662885185
3156983534344742543475268438361597813776528796255396690413698785028410756190
1791959576927205795618467900114612423147137407694678705922758993186205603675
2062942927957877095620821307148427179703549647761389483826602266949209106227
3120613770346857062227506964940482768208562079553690655540735081779785903713
658622785866459787082345191336038872245297151501510405928867387884706228912
1115564842510724747289176623373885470310452416218226412830959607553749983114
2484305906900468417732394425906540986002870922822137830093834124398318562068
2468751119135578374487337181548306387801603728197962912295427567751363518134
718746839446856995219868445125182120819398311656367927131617780617711224948
1674409673868113624731102754807647468157638478369409550295735433050883593843
1066279870332275541264669459375199481548792500892264744630437353047247282210
2285860410600261404665577565291252048730864619392368253071096785204637517880
1764638154616859177261559151485617598913956774343223205092714553837549386249
2476697095707722425860143709293948647826144682151760455635169986695482752440
2888200275588616278665546013506792215257692101854391115671311565224387199911
1335178965473507581677486917523034693420221954419942329201114384478383379449
896647139845874046539607575749807065800339956127735984823878417973009406075
2680147774515542283415328132310017711014734784249286260609294957735481296275
1790598091289466896965649699944681539673218585697704895975945081778270634197
2204919367747731117806934042150117818416352147619581187192984507484295314767
3556772205608926841795940402149465688002618783338304118084925620922484818291
57677443147030387019171385257650277871570378732332409988701266923890698264
1805744300605737124818553948310804924892145792573369352765361728310721997000
829123884901485352038815667947571220725353295742632294322658708903902973892
1078732957402677406047259980262847145802808407180193971475371197512753793882
3586821919043034045025945282319976423198632886606793066796537807264873672376
16214128374300823055364833186411072327134169111511521817846498076556267446
21808562221803648831679907465393686399726303073706272583259699295265775016
880994046997383396533313653886775948020804939111543360108074014720387387640
1600260182337411360408899686475499775595457403094610751385456247261172722456
1711084937359416639322381255493226602375650341330866958604419053301227300862
1053287913828597630848542383986805240919936032666535976336666229221169148118
2015962761182617865475729217726807564270861918094821548464825686990362277092
1768794134591871921236985175464632939948810994465990330057845437128590871072
3293461783170540532655287534549828595708886148661286754566846381982633996275
1255427749603376401039200466680730286148967329619817584155080021942663940163
1686396902697332344553358529613101468044223766263791604976396143252747017341
1229630070212002125793473094156165541131567959692859999484301906673296539213
1829394623335120949521525281243372379674242535221568495748019823631574554552
925434175566659868167275616151090774969089996009528367621262908581348545199
1163529421989114183224812866164279708460393838015626399114504367035594556076
540059096500569603826806623153461914957119808985286771553661459719538467136
2145062821162835184633180827585344092068987476818889737731821594479776417290
3111258328184434468703752848731384673807728788539456546902656183861102858366
323193749036759739325844955570716271205979356980528906431184162020199430351
3241055673437982190950861364177466546006353542954404602660913447314097732695
2757661404153809486130543222795178002616800567187906056662253969889823708590
1806694798982532946465493642818179417659867076526168302238796539920488333296
1073084609307672818453409198486944980779759394422029459201720863632279060510
2511437766466225102416395239804232448714834995852312118420442651226956339231
3522752328747959317615175717912533709970106876785603714255850060675873561006
2023889578476757581083113321578493605955856482387189511340622340766901128838
1292712136606752548841460945662066663466968854016857224553783229805925374951
1516675243782196812410984850335987342620228779672819026820978051008930432487
2906226958228552972986675318098151748431280219647382657284496200536251316917
1527602187143974981382271496930800636378147755700597926610482778242003059757
2662735617649285290751382255324301111863461069020224033625252159053550411360
3267510318217458064894966929407679784217845764977172616261266736282973183997
503015613622391980238683519082618916235929833271374702244112826702882156391
1348157258623439488519646344250675643880634464808725739564721559720716366625
1478479520312584815264244996361970789444155614861261226223620078051755308561
675581778715137062132574826137178735509205466816089349453034728560156795337
2797778784984946376227733188171845403540800339389142409609651406913411882355
2303742385613326932665585455112119049465106158407482248604178121575857249791
865370098383118647417552234929741264729135323013796887102938305831386294194
972946881411533083941115861004280752732374224289533965298291842248148637930
2274158021123588230680092533886770196151900176251081663577949989918410223186
1576547103962762089252744735802686199544302477156879191879649677453673608971
2518554015551936313026050833887428183377428282640033960523435381496346914568
84974061167913412652630901292620925866811339587338276381855901003840994722
3163554647483844097350780295369094449256078203387676537435181829057280532499
2391743920955840281658659771874150295268198989045638487955191015881422121400
3563328624152516984452198876055890638340069861888430321844684621706404355632
3230490918201780952450725802787120480083880820148928991975736446257726331403
360285447033333042428304243763593923725628002768955686046508102901671267691
2355911827809610590402706092397660311592209601796536098499475104416643219754
1478181520299487460069860685271194432581434605880950678970096292951346096177
1211577177991865738675995775568508685132175119696045775899174997907480778613
2636267588546913433584530467977291971753258074344829940473311789764460960123
7122913282815818825403376261562258314600071625079723407310349345393467195392
93857152951915076033010115144016446084855082645090723268757693424868456923136
21862457369243895482931149029217282628117483170517152988472024601879998627840
70331054574303272781580798372091832451772644828899233745428843164984366071808
69684280169175134292959248018838419865959938452343629212363664279024577806336
3742299190523082395362506102087959637863035006862899599755638430672242081792
62047585099337915911643405077217590919435663029866656300325431460418621014016
419766947758189117266114554139686217682602527475219671461408044862878949182
300585769839019394010494175143738796622876428679898696264736346786703742776
1850053958563387063131985263054762907110627546457291035460367802150349220138
1596126366808640443124561392720644533100024150509143791505791368106310920468
1584958923870661037511937030633020596852627106026568611516085398650135788823
2862844339182385177808658635519440041177967698793104240758439692379149021135
3227549109333960720708191663029195357753248341284236876848421623555532865717
123936851503021979266317043064404196484718412492473656349011601452894014639
2029312464116110829627684978167375090540092590683490118052700366146045578787
2710553206552111189584678174986451321397217902212361873680164914461725777014
656668466688047214040060827667866362602240312742557067644786618095474704090
1294312362011095234466423298186551280212463453705533069216932712451419463812
377741098087481379469446841603803009513799745945673506651454799165278278506
1734328157724840993432033970284724351188806264083338491484251013946530605280
1382010218766288636960707460414492200115262580030173899602285631500366816991
2609036862769402616390437759474650346241834574177634057694319721714915309226
1594372127008665273519849816332987702738305862075827706575208381105135618071
2309777711078360015789022051415140833045818363003065795977249431458376955363
2606660968989809676477223299327228072106625635148821816835036789294232680350
3528399491470796477955528150133757041262662524824218979343147024928002582827
1271225843209893251091779443196257392647556569673715590575428208822113062691
343320077451119135416528123428074255755491988827928105817553670981228840425
290978308855879342579096133106525178974720604144893108288705995309541282022
1443773541603621413334318408675821012509136094137284182511066200718176286467
663045050248255455883769383889726386140202733359703600135117464483790520266
2232224261079296039178667461445982390112705998274376642422614389688129192273
3181125908631164428980592410622644474973203068854310609784240826159789878117
3020777741146918678948384812886816737156194438021681254753721826989651704567
2106473239495431671209783223480000547695930556634444619919752103813041688944
3122321940184961387795564231061045071678702530640552616851120083929669426116
2124231052125830521991387965696518789957708942187485512416334248760406372532
2554722585319998353650785554137216520136888984592819214316789192995764319099
2186592503040704993924744472537449048982604979751660964324224521818169064085
2395160451155366077860070055513695976342695601133259302374571792374207257013
2594983072226031472180585917259280974751490756538302542668123486868344612986
3114872046514435285129660040277836442675235889683571466430868185176324861123
1134607093655294724286667593504642111510400017565977295523690422661960264278
560179332009190253624924734423750296736002421799033433811577679706066915939
2802928469676207351527074941333900312258358577638299232494271435858823241393
3496614905780589279958621778206765988052731500267453826472130542415383345065
1909376963409287948350802946723631390537026736020041783298187154325121247776
3080126271016550475129142749574291649833824249882181832856920036403434082918
838947915050992392973067804396537549207937137636829410656583202490247285863
2666142509444038335997289501617721147997908763433368447870311521867664327747
602759353071125545618427919743886900023514611404697419486491926659209164678
866745108684027865603165604278525898560476050305776659112295995260033015449
1564233266306733876431398328708040507896386610633575133796161473918508952218
2644172942055276289065986048493103192062926556731994462052155947925030516041
924989444929661179277102551613493366686121378719285722809568303680045155626
3056557231022077949221248187970863919852992337226747446045433102854311778156
1751006027770086715437055346308483557977183807559087861670562360269011624861
3365413445921269372021875958439827421048848884578482402278475629132859170638
2926955048714344561418731139655387579529214031443822726165576999696884054625
1286940077897920187421341184004116273541593284755800020620324297360175177267
2187582776920225395929244981388395763104837919416810583064187313533260107308
3536370325878084357219140516083803254120966247288975394903136631434815952775
700118857964443533076061826074879235950663845443634829211282421137094703857
3250078159162894623446749819725999971930868052479144122185278414254015145468
2272992125238978964679045172813113327549722422849266281083848309917095136618
2849545303100967565738228699216701975816752947563350492232802654084864756744
2661666628324847924630758215404260512858834576671152176020438833150706951457
1537299620647804632009897350420974543937467105208047189687642508592068462443
1847261492684366425374136040102483354436479350172414466521141121308364984116
478424881190600804010150526750694451541099591716296665832318417653431644822
24918040348258660683082134256905686758215300480465354557575923933061
40568339703720896559878607860856007064831141077633534398558316020814598357217
46554616856014916349229106459057104945774976011318095117863854136067814123039
76839286515759177523015311112394986373579691703084473820593914275508685074149
1765168650824717095072040252902390415376133116916694203549958518959718231599
77488630739446514467148120774697993102954444061492062319308623593352555874799
56108986722953772129851805830067069246582942250149162792396215723863092723527
83598625151259997699075249197870008359505845437096287003822525883085352676460
88300612325000947603686950841634984504082599035792004996488064294009554883041
42724301950782495795498561375322360196440446912264386629703674077723548119191
15942416997671230820531819920654157607398323440322357172237738499076728218743
70636420194825018237166891449733717810251825623390701491899693606976138504539
10666036788904265330063916574621887398924648837648599615137558734799629535662
4611500677479334960345170582316413727029965222212837087415317831459911743953
88702564783042813897268216279700695364995983386650194438045270046460102893894
13398092488270886131132666267377485655913776102952931199537335235178197835749
21287329885128000153971291836084337938554281953592692584646790480295953627824
44817892077373518069882787236724382275859437398474486585833671243951723363654
84196152889707036685102907473847128879721771740326384057357673003548899295624
12293684555965329333568132944765055147248073672940824964673363563638893004905
35555697015748202458309459665974614274297079187384684375117790352886407996067
86027916157954072843837339247631134552006968385075750479385930447081225496390
44890659974233386983266087747273564138331924909784929174503348768320350794686
47551190881891698477417538599095062086913573480263334551929874057010906495335
59304536006936632558148247281596550349027905093113944974763609452726412057989
98612546382667325481235680528716959042143096079267945149403871777334921547528
7915826862559334731161518338776972198449805706144020564753616485286194372295
70407699309398501864713967458161597809433804602429430817135714799589524449657
61750286750181574924181898844126515730222475040815747669651616204021408278211
75282120272304720854591686452891851397764355566739226305798517854005341177613
95599978389497833241210733394593398195304251709801692584905456018011590076682
109680178250571727669712607518143827217190127476500494499726175644260066301786
60683623993046376037866111660527321939200503893036809430013154478794349548322
112604293014068846400257702088985892477164061604839587160056787374716411029347
43989708011258128187230349617206505978544508539698819918874245450350063378228
18577324237378180105398348539629298471581759215169844441684539132978915490230
11874939297146039479527110569458309646824125930261759444032958697133184682850
61273440219684862590273748941644565500483012465365226143741764081619528759537
92882026371868436172263558893123649188156634776572529365017102422671100210376
46339216258312927107078429629739587086081689494804414944976061120738784532172
115012492781770741540428202763260977975621579943780197169543253990813703366049
16608327000080941376076225978429219968428171690770646870181961045829689811617
79781741871990217935356314820486012192066803542640300210103478539356524883869
114289271049135405966986887609825579043474614896063018621695418369621091610336
32482430332325399221224412065706609531036534104636233085670718692081348901191
17611757350963901496231436719394534531238099463501775339683277908656203794425
79188091536570944764881301129526953756648596833968004964346765858370603961758
52418558487986586180069339507696618138869702721098741276753711573583902435073
104378764747752397278929468613609442110606044912519228071640067911469901711029
9189047682347954568676490234276817419637609736855514062323659275625231950652
23808504495337074960030211890101357328275021816726342710110850196323831038906
51985955226348513294755284570200937513885229703573976210200160190022583390281
815400918623489854540334826625357572643243890076102705420997435358727751065
17691728462447645395673473741765433475835474720349986650109778374472454790908
16479631372082058258767932959796250845838968986877865091369503755859548240161
63421768576399088444789311139429083821194725478433435248290972930320237098694
60374852427601656663527081789917281992640377227011351201419012427789006188521
54724155090339811241411464277517304653714455700643745149264844037407238991220
21484486070618193195668367153341541054620240700583119391290143268979809575757
45107566180185083256283876837372125850184308755572275752624781300261138550273
34771926358200825336647098781849590428154499860590096011877118832148252004333
104059506675380483244677608534673728232912245511045120767481819801652657358050
106934553591922496500541561344422712689031089878622182551643626962342958357326
51539840677159516049217930425263883641242651240476994910453185094577554643986
74812851176275888397782964945893941029479631716417987118941505053917418229682
15096132648133050884970490552352855019111231263882299405188081292523817684445
78432018583190884387662664655569736494581036817053445479100919055199665567907
102780590769913825410430792477828657323226424349565227358270152418598534436170
59163556594837996194024859443983382423465521845380211154543001012771559432086
33421401652169381161176024152143676921139040908413774191419673529538893189121
53783974066354919962523262779432915815828096078301702158164459485325282660020
114438130055596678386187377279323268618273819802967974499704653833391905416967
13301603500601863201918571731453454953855586094962737051840110130949402691885
14732921651946046432458605473362168236985878960185337046171038820364926117475
20986246398257602318893482916527734204208481209864577488008626116988191258511
96953750038003460976249098055013173024896056147792691415002844213669498371466
54838608758384811672644144288959618281304058215319129360932089821021047785201
5972347169358882187109663430383714247216276210316366778472095429687104322096
99322187218556241858654136812776305131291523797898342006204454913220648666992
90966099650263059071561545208171546013016395798713249363358649897430546672924
27584828891631290262727593770349817500511326317821091981324785120676171431568
54570634102784556473997672707138443496095381276123039640577477777892164894120
55561182992060183292428688021372844360437887245608779658465300937894013831456
40188543182764327446960204343498453311686427082161653860963347088274004925833
41115632192439309218731282158795447680659707675944802620503079919526827855725
95135241454314311965631580345090888132595191571625442552693049781505911183831
53653520683018943321442458357860226640368958180454277774194941698976873085930
35672388507397031912521189960867808699917764828490410716568889844441572936181
105157709652098747973317317027527229873295789757304024282036697826191433658918
1073660112148693185723515535267318928031587780570803419043932615586126699574
99074436951414547199088382265747041505073342657919223696416665801943900963397
79122541443173789086942269420529862940888104381233148560145062005365594171079
47391988978342438873377672468480064845947799385350601905221954427824070616706
67301564869493318653654634661644584785584963337545750516544651105736764740289
77326430234527970377095756902460743549999914631925026461924107913749291520997
58572548315937988579904444037049618871672411710170936502757676623652270955729
59737781381852302582809951497603123889231672217915095683442321661743494323959
38353612368390688074831467377277472667315235682571497187819110576734939382595
94611801866305637703594630586067087144411297334571355727282162304346401652900
45995833147051594568094865183230611270898404940859283526310686477077289590760
105029782779340107612376151898420984828240331850693008526887293877784930273892
55063400776160580038410263578118117716430469637471537550767708220456696780897
40132409126217717364809234537227070285825311272345484541285088956330389580415
5901005670062964052318169598971739471744592133774538050281014256326211371402
90995319357793750251725814751121362088039721259139282867821125171026951323213
34444373222853118853168933802116111755065898610062785917259196915353880393301
4484449204369323096735932534082459184712321088412746508152098057446225570175
5659263139767372148104298513241271031150377941370314041068199990945750470865
93212597886827858083399132401400955882178086487548118236697552842640603797454
3869799955418296838315769970720817821059961851133035687911416493072984520376
69705706883910085230123082027939831357769811513122575269684746631538831838169
24428910880570122534970781178542502884863966188341938814347084696091996011467
67648521717375817521892231171221614528820193918557871293009484770649610556811
107591981342370670609341738818354667691124969112202181228722170853581917528024
46185675830702044146119450602711877289776281556867832106180640998039255036803
1694231727122057994092454518765475780936699749317779454391564888377716384399
108026864451532611418410217286119656666979312186229679252887700008759895328489
14421680332860390062794055796587950697632381652535496201277516289408391264095
83564815203044699112228206951638686155355214985830134173213128751154080203180
46017275183448581316238658891955719395717827522360793851373542488558646758617
56701934190206140262452416438646612516752003926583797310771866366220131369428
45349721854213672677416757097461202944292611720539561799586020334909913747653
104250133753108076294729666701119565513630664119211397117721799430891291279392
16853321315081672105938189912863077582844109611208579651792946999849423769932
80556987365090855842623014549572985182680028985816475821601792266019316911958
58456965565661945089529341115825457826002124933777839361711529604967795465913
102592178647413750833449709941118400206899095514274301801604617268143446508057
50571629959031608402327084673071938637395072170225765386269248208401789457715
44115827869815524244326403034507192653699062733560257927284751626843313730035
4738193064993724231993179210850887223753534428152719453921460266381057522127
86087237546751446115400232186066846831049743867580873415954549553878465612774
68678387950611619365351166018086242403113090683545847044209830140602571118699
24348455538787559572211139170579838588005821241322693053126034804226139158917
16525871323376057129106216318533798984537947822453485087112254594963452629599
8562212249440765945432881062550180191199096911699624371470961297822697914044
6985845762416801727185385897254354367650521531844948511000670556375852908372
13451632830335678794444958458930466503380139437939410216241553822607712076137
37994577000229116204275620616723338420775822411540115723153941280239178401587
75575319403535322895798326701280809691379352390111792130973902113098723854839
79510195516389761473713504580557121908503237745813489032118512314549853066745
16391721498524054324445724576438454398518855434562552456030093269604358228883
35940249133009094216260760959982140061852402692166305159273494708129542432679
102450224751743603573869487359802055812436871631434291643455468671437827716105
19040017553519537417670379210531791413114337952166918984664892722843272766758
106369958852699457873653095917393366735408870021043381351209933368063222388884
53290759165079653639691962774240330516711049247105587520796079834354895654255
26186544140289868762788325460103833096327578461635338963411868853397902554375
77116294553790272826550646925386696844533126952420260188130861446711327676076
84969533449571225006704237728785387326051554989550146558979867152115776110848
42803736685426390926404489397550428811877345057577526009570579494819675389780
57765228471543677285018737263519353357659462293006719048952506242232638385486
31692466402289319715568530292333150960505140830943891146368959036949322053593
11722034669460199698966862171043562808450477515463707184583531204390849588641
16264985359420292382247622717120989787044704351145811883762114359691665763966
96968727694434893898909845640359129142619160520047576540694106909195339656780
62595602488719321241144528256104845117419733901191707249572950065476046480755
75658664633919129316592056971107522273139282916647455312058157933732330260330
93507391450936595160124189171316991167342488118060852066322708827070115946376
11071829190280844155856945168537035011014560607547009975175900910805022139498
93953200001741679137661976239012168346558323899925520238755580566755421066395
166082175217534745128555260094632298291352309557453990440178302789882779034
46298605507528824542212873389777728924745714484958461243340473778497583597631
101132048339082040193190846032895209957173889181627498258230570906321556423253
51925108443348994521353260698349502171895347802722854725580009958904543732035
25164257258521066275450392785474944127298659442314919092627990764436440944991
38537267769746550268867824229499427650781883035394208182613587352762614892080
74390272953209347535743573082505211686640654885469678815400369612237951547445
107451240202136213147700960123883269910861390012558361277552014542203157080655
27843568355352695021500906829700176231815932370668588348631475659321299604773
2514687777253418894646377400608076635928887364279806507817007700059367924989
92637664845555326030950878100222147098692157932200767792540957304280637596364
39194182444896375949876494474684657564516996937132446335672078436631151058242
101150678467042079026712416127843579174086584832581107583965435488112080366001
103883059233672233974407955667123608677138858716809426495382136190385698812379
76631835217298772915929546847365606827896281357943231320462113475464684363369
65333976525842562841379857474707153457942176983867464457955017762035123326569
39064946692575555026304390182300030356912824187151477768208477928735235271664
32883680930386431912448950572438457799545240748402503791550665804359391441507
95094742464568229068854018731731864861673461584491069317819025687926942899102
10765823955688805919298522492259387345833750703222256006110965886219959184751
70691646897881460890587342907515784060262362674664131232584250375849681472504
109535562186445230198014445430166836752977030555784530661663564566280501953592
109172719989792707275835874400309406579372852483392692164183924062643092431763
15510370192550037447664063182628954555527039985282278746445013441714012019834
83220979943674713360631273139741584282790454257758404334345734219276827617930
13724663409621398184367583403623408554172254072967548810647593086999359827499
10876743903714483390722744042762990235095200465947293073567963656532434424401
13842378860316912845420701008828360728454168106499376141006306667954462562469
88707231978326195773129027192635522447444028471049404409381632474615180688266
2029885386263922777869201715412904291819210277959891494414907969546356804741
112120398275586875682247213257407493598791943313574122410799560957359384992945
25652596780834341970924104150316607938146742713927040418859201453399894816212
72305658954784083201379686754969589358152281909684552105677743113601732025767
91553401828687024453853606017544061587975126405914492888543510293913463537712
88473568217103018108876866467315309611240721841078978494251480747644819672619
50434936735758888984571480164534556419001759139396955605469092587102606016791
9345514401144027701856538662738783718037570398334294060775866161844905253383
45830351937630493109085750311700431733105139103394832850281560608049039926818
24246422376360577664585994361597983219209060409921623160268800767356191554634
86866949552252309862680889136528193464947241253452069941075826265478721632325
68616243435697082141551565478421141326776186053301907294874361879949947005265
115446800501635308936073472260108645135472314898989335125370323489911683391239
48252138436501300452950922010226674374888065030704354216103710932570840748924
58511617447087088477820568424543824390013022578277335247477285226433844149878
52092217170429734032048716049776809219243115779185558447877797445792049300214
41799693437773872687169089942680649486207174023349215956051959979130896086972
29972452144036471575171295899066838281665236706574739929929782651821379080808
70108352030995896592070756644652441132913867224810724715016086432302275686586
34006856023886941319777464837463093285172644604070915494046455679198519548725
91993671703427113472311381545427346963645161024335750217525889711722471804143
59012152433291508865077475297647847488398433727225575310201792891157496032247
114896444342791676439850883361080560516852606157321651424644117440229170356955
31878237706155515592506890312289685021597032233892402699687130075738445151902
13814059625223286685626867487527751881311656228864940962497544958295329115959
10293914329068018705046103249670888481023354640003963869184810228012539505526
25909463191277657390549178852102481511166545244152425594520546171370710091177
70256713262738094922073967687090040581264173635100709250956773797092153193513
23939177567501483793079929716422853710604381491898350191857092364131214056443
80712809408528876717438544871301875119516246534585139316790393711022994052046
54812836125003646738662740366292921427080732051548561430325130812166380095550
44795281489968260347683545711991203521344432155750285561926466936596644356730
53191185216584192191187430813157550915723018519806306661246146692364902573140
104009940679430986040218677615249581528799898352691422966773528221184471925102
65596733873524085129104647903886285583080071726072377547467870328288344170088
54100004722328722976880906601015009600762603115265776949942750197230239869439
24653510828245652534906753391406878312832886635527115804107340462136858859644
24980288262482998345236527745860041123016866586411865916324400583644088251804
71075262568714663571285882214952850739044548699719866086963631191660771711312
96166650294032493423661964160277847172000659572597743513804139620765419540705
76664849769540680556548600871157859638112386694193825444665875162336776771839
109104374849214921001220777493887048820554000910244791378216088489102462672958
71836553312355901893834295608518208434185941498440636049592445616205071730958
70956297465765505353284294007374066890325939695327127256502272121122719141961
57467115939060333274039842280204670931976751003128515071226884363822465467120
13865390118050378888016765862520509716265397801897316596790381615749728684844
87770184615041936524294557645618839876407786161681153085799438541429237624628
91423032485095185913987430708860196056623177524439098062801211442940038135194
88975008772020182908098730708380341056178483767758018169817897122140455174385
102025931333302750439443076256481857986101199885233925262919719193078515405122
39926423874124298503554967362771058696448522288750880033086640779880911676090
77730361596000638231339184628837551759535166498015461592873420701328604560819
100133961540729245196530719815947440448338905991420908763043771905564601320645
51170266203641557828507974446614888803651946828397716149649104898015115676343
104826589786476599832577992072127513118245688543687970271974032148650178298077
92989525947312088525119294948192016496349854694222392153027817213392309833422
58586776847904731822695946977872484711221805835731768118046950232044019206617
11277650594718061246369284703393488666965057576196208981730724170196352552140
