83898790584119653497365742599389870258510839246995215303447947096298530799616
46111097208400156466361609306546429616441978393310209105149002894076238888960
34934597160660860108365152337480523508501686365097469719702210827066561003520
667218074421478864977840010486458230018656310219093551317455792546595256895
3321773851446748528801967631866022353524954354079505220667168604791283698841
874717711991289984628649784440912459577448023846763084305174133904488234323
3070293107016071272547408974876378364028756916901652410350064795140896577453
27003814539877918222400816776886280497683322720960015683275395674900152125
1135216325578522804374197883105498486029308401230512829513218472063442914123
2001158301304023980845576446400959313136417758103650040569617466165388175880
1333197062798549214265860880118359153311100872364350189596808607953538848342
1941414712409902599227755378229802431195634968967093014590259903543279925777
23369912705819058335135615728061924847289788116909219994223316333918587464
1256482867498836167577294668533049542854452042673422870345817306955375760656
2026991522908847888011696278326667685625668308756152726631599558909521435751
2865015300470076632992875153309452044149049340475889278687237929672329243969
307739518288067301915721591966350645994533311897914450130117769271120656462
3359623288832201981830398257207851427215155363875842387749208272875561581963
2927493589589748525179282758103542315994092626142831593211384876530470170523
161068542902027349105018240947196441654574668934325030556611994601694393027
494882207581095380637846167019922838907764840227167575788391191443519516686
2229673178443693227453862140444798409723982711510685982223614448215238179988
1288407021263423543703894300897182268769443427009959576784446955551147085130
975447124066058317469538542306631964213913029529194005993356587423176883852
2762691741411303539984143150748524736493894547870904814583412909080488691311
2676541016529622701858520210631589063605841939735877264039352136979720838752
1487152232969602761713032485952146782094828952265917515126990531531166833251
1036634145335824940119712505890713427627908928052806234330741086158239705461
1938635837004614637976589433805885148871796792854574229059021318295739313713
1818717822161239813234535337978728478603204904380166773831712796077659127854
1021205361875330885758091298606228252403923729344455235526642920834105717916
650173806572996653670538319764788911110815557399601396022200756736966821485
996773385839900391274933725452741732586057504263796714640451909647613868220
1991524266579905453804104955596629284309287594623178231824772537078813360199
3465641149818235376296048536931833065896591088640452415764875478822414562486
1975450586332612652785630538601651473456811273442864935287931748729523780587
2437333559949719128971296185589057735093323359048126129105911376383784827622
1311856828904557910142842829474349606093910621948590727752129210286940254132
2382519154383385110868730891618058661429026325157059852506711147110357177299
3461742780717836696588110832148815117428365264184230712288777702194912766262
326392386471114204638596330165561485177162721449230312840899037080672985052
609779871584225415651260282056865434236880648713412464941285722032328634212
755878271192351084371859691580419223177814779858942085843749755538098009836
641664633159243197801358212636083250590267644194926516568507475357350806023
1806048348291969714554429075499035848441008590280399445959360138177714445973
55711140954005827032718279056826749733139153306203681963647453437317113400
115314890029355095835252425415696647232934447490623533966714923162363172219
2383144278714585678342593619229460969020218589955173186133429966787991072182
1598455005327802864238840575565158545711865718703214443748395708033811239576
1144851542244631351560946567084866492914469826218800359845820165307879185689
1140003263518292893291697957854909705423750055139430362721127039922619466004
2756736050293139904063606460698419665604967015045131205941558495859874233486
3393725264949507763493966101817930121987587901279399172180631493706343510667
1269049897040379991113265744165806847054958279598540129233860980187353132846
90323539764539236494756117294638569914076049680650592404912884372127143097
3036743271908087961129458335077587227944631585260236826531343448258120765703
3355753716854101448293526408672529677278225215892292705780470194348301990673
2617633073285762968494865244795683421525081988204910155781761520293053057915
233887381951496154887867735505647310700543143236329141672787096912402590552
2931877579659767829641335113302736044983027620955569839063195294857765455696
3516793347609198179084325192920170691515248941628129256870522075797954070980
1875689320803468136847893481399754559646286304831834301324981137137834941835
2782282381892342993811007952706419855160798069427563671285582713967699087887
3255936981176269973155066748320930057891022191243550313217539432845496394903
1030235911784941092344599127965699247831529507468070621241648296598206794779
1439778129870175848434202835323177414748360330655255287228019850469578643002
2305528414816310736421826433386330871984444918132864391098715247872226685143
1168087662209501305596663441767895611468113088878899516062053113113257240654
1110914152280527475562348090370097006220849369361847271740486313869385930866
2359388395510930594536561228171416501400367807786873435978951802547380013357
929421913647326103313577795729468764559103623623151566475717138997141404047
3259854020514248328747688412779850538828343724741254788465444471692433631555
627984372805079889884697391741911395287507589780925886527003417264259315759
1081385291872874306138170656065283601215207781374532529661218590047692137127
3151770087049517211872316449530897668807586874585267591509436083399158101152
2721876606475724092092609596599544950118550631582461829141069976443636702156
1073657111428788839891480275748809931550279653801160762138974456865107895341
2580098294783596440120299566481923118030718067103343812988383986484922594297
3369690524182467575101889048069054247619589824867781161084387992291197147065
509176697717240432449800198592691719550069461114469631541952219195587460926
1604160424871929894937655812880089742108236804904874304497558145142311145177
758846972274204935000401598026911940856321541844879569913640935118003760602
2017100465523082352328507997459848126632231675209259797332838577773165301304
3333668318638277676044538404161598149960488952688169530527279372987876917879
1323336858630513731885658254074467805976425720199158124544034299879514248689
2228453460636747487636928361141836060074359293914920857314680639174529097744
2217963258776193962362629430645954993596071017099864308236457803986599547737
1692032525022352537047247347514689525189090341164037731849351928180539036725
324972209063256619299208756186262914114328953392815239275864804758429052034
590508223348757884336645428763783780252696613621790742649620317594008585302
551534918432747951224841036479918560337087306794424392503511189406657107754
124991851399110837004822919680578177713755908953881207038494371659443275831
973337565053367640913173882044852478079895962073820398440546762248335270733
3488215839053234988107333731246478170230713005992323039711312945501303588517
304928070983793629891622418720826356961575394129287117593434593928127641677
2585290932493510131837102441072028339767355902218807354334063556126953446684
1145836221619458772008479311488902928140190146412189890187443235353587322372
956896584180746850910560539070155816429501886460900203244212428969427303545
3547801125996638187681979980028618681039835796265021153909130670611523519355
1722624515296720088659512046347154789637604684032137529779289600507736197745
2268484239779936384009511514941539925981364622402371544815263893836929020578
3266607111046017501475170245809507445064100193829454375014138003595830939894
173981496265399977668630930828925104949518543968495772594908746163779883895
132795572167483038748892034288617853672785180045638517016648734236125054938
2386537076971127702702334151985103344097318019758826335544008150137072913476
527336617865309681866576670220138774054987692318805931549695851542168622380
1782837220483899070420978546101349513586671886553111068591282261299414554890
453516013528247813540999957918831827801432800365180736266136894847979431750
3182484766890313459819128624325003938532668675312700707624745265506277409742
3358137664979790613814427568887626583740678977737392760101560900705087247461
2714398743450188909131216500438808058961557227256153185058391602564406184148
2384873212931278437427624415187590761311168051908744426548388346834305505331
2296656118568216285645313143527512898809284180505983395263683789935421825048
2032780794550348702133766262677549170566334313029722040903811682878884139603
3528576254964235308463078986156994216929807695912736408597765953074636873340
1396767137107341169640874639975525105508694221185891928511319777636980292581
674522145199412747526142040483493520831076032516685478446769246524962563039
817414338873034736066607945509657898485378639902660456435564533354453026471
1457842616183886744353476617930849084601468077015182476261817431496620891809
1121442701563545799600063481716333027697545090736863612193363432112600758121
892848699546694913921681919608573015882704800343588118117320458469482955418
3133902928519219321635089054143728784086832520506031665019082498415616426789
1184266382681728729655010720340441751124552247778287167377841182801402516989
3530829173401579341391519839287246924447231610914248706039607342409665578174
620363934149371101144249218113337229349597868177040693604122307857465785872
605287485365218130456890793401717848259167262977319518631146711360573814065
1828052131886881726751791072449317948012549250211673607053327952040833077072
1502870589248455797736229746472893581415709775880941906100609335929475432636
2274534082816997115930475167322833145229590524120214835462492912414406768395
813734598252882049758836848515313910522499918410610913385694786487548889175
2207803153732852118928404195793598603751059572381984312088080561384535936667
1400436827273115189979057604581499903677030483004770975718769527739478222899
1812326336827944294624715469576370593573938713062376000224073197880874626475
2125962131293791102340576450663906870268365295922319173566956876867915100036
287635391080870918357906988903729520729130762141919784158378989375365715013
1282929400825211490383649385645863857620597976283221886088590738067677732612
1264217710347105449392858675168740759473163508459357943650950707332114224619
2113369516079363132852501232334816997382501588479513240686952724227962146518
65317670874404081103989664851597882860703932103462522352773908289413300879360
34746982218145121133549261119509131863000582364090218861217937716454627475456
29544478311770180618147468846283095242006985174845011088545890092264756084736
108090560178015876435019697527238627094111762935749580650381739307638456320000
96031738966745771540716603491367317178475278510217938552872717363020172361728
16828581999631744766111794657496287642825362507308124418220665870309644042240
20270234564462689000704510648693833631441137913875228448607102572442884767744
745263985980188363131911873920062857859751593628896983243341397449377270842
1968192904297520553136157310991173123324300945292502350989027355739456304847
2785259353587281259263968769371794088999894751479237648087971659360973710773
1850336475847532174932822775425331227168454644366020570708481148210058975147
2122812764890196103830537966751380248748653975524780583017700329939385763091
2160393878530416421664150064216267411433263761402792800488298455781232128806
2339122759335239683768090000715166132610079451095219108350412559157825020709
1481713960014382247814445857193244779093164876040139969265191092811563313070
1095390883526209587136508674031404602766643153920561575281732749395411429075
2938476641250935168900537332922659288315571017469031891499803886496401574198
1722778616328811447877199596998952418643416550270218051599711250861810258
711265432895396684635071445470073133505476722752766052351771868036991898999
950098253033574210287443243938325321835204068859654498119889971185672681720
3111196130809208887364266806409276385287568258559798103169549331180589767399
876719291966977469706864576359244952805959847742337297283714723549436299388
2657072706245737827571777152102069170408111480162270791830299179770168625813
287161783382305183649830176453117393365034186877540279326100052627060640559
1742127299972673772827388992534709767867519601589692628854244804023181093232
3515648957747616479819948886805045184498340711705389424330357171803149989411
3099507424490945155741320539358119658352823474494369034608265039359677677332
2664845458963520782743593246284196057859650089975564793285719936270619142727
2058238873281341305043602073988472133682759169053294519810755010156504039361
3039016576531041059423576788983765428913737585570455483175902817999134255914
1460262601750430800819576357593704406960240332152807692600318828249129179282
3285165477600946525200320763550187512194235226328222082272777812282491142422
1179324222352140230708728759425712191688519800887479978179900456481655321792
1172398510294334661142891605992025946991677243189015647845883003848872387799
2631517863903038830172068947620084735227139072627888389415966850208296200866
2105616972439436927358105889816149818827714714267044324364955793523516008131
346422097633675315415202560404350800586057392798123320368995049485056458168
3021682741073047202694136085600570246670562582561192468505638763606503586708
2537817734681633345429749397299573342772025774181622440757053010433233886830
1704457811206288940680008088325802321582328339400864983799342026930809237064
275787933541767898471744867970027712587499416309180834784594624013006453538
3116556126213686362203176064444741092670498894199716094434958452147203156442
2439499365280994584630121755564286214357114738014704979262735519995100054820
1027611545790893482067929951412790912072736718688441219858915453537023062081
1045657799670840818014861977378035397076524233532853768143760414368803558912
3552404404046789196040931803464488753754099584191640943821742216045307630004
1940051120040457530228082464592189097571509825442537799637935452978082447193
2788681902010992468683705733963729112274404756358576409754888685097396738538
3200634023877757597818892325523819841767377859726858644801478077312444434448
2979713959782534794061683729293084314624750632071836226123061399276528659068
768234034287161058433518257180966163033127468844025968199174285912586239029
3615045069288331237335027261837630704709769618272245961544129906532910101497
1845652282434145192911532646585093587739586893207455701205218610877049871635
2046277682398983233551935490840668794810433234154818574755212042081125267569
1726634741226358505398741145786639142423890402924450795650676875248477172387
2702075624314482496941984971713486311886418006805937662272063845111696953950
880681257098402853913180826427268777442856301983445088995626316476523398749
1259082438527059976965386841894966735656863336116784739297110464996615371829
2980391762804802744551171048447985174463324998269838861192060733805007795663
2979060883812747749068954226491063437888616495095741849243873360717983001723
1438980851743648525278560506931694537989069677161079293483930512839197176304
3027693396135784338922017410413793065871470875699865601107504815457521566130
279945998553106908968986800503553877108459282920038665132024143777110351586
2694560944902139114095182917964095190080685441037300158758285084070023269468
1789582469952613508905924648452839752037655706686850017852832272166605199515
556445998146971867016665454214928940988283193050798696780127291345249579640
1829413894947614474843503647210678709658490998251505974299087037588910709153
2275776537343381513642578980963161705192459362813424186241363966966502581806
2473692652373771701523456430346831214185253008177320098284193842487633520594
3365711956270240934834947347747932546241961444019542912893392469795772720193
2499579882421225309741629014693373646373338851135870797871820304523829009987
132631519075858644893781503127465775817896284721290586254075426879
75050521452990626158216531792798771982285042374015145269083579803037312470451
87203172961187218812876502329393904532012019797530085856775415950047424345208
32854175987386312923605018988547256343198585087037069838577021987090884234928
51155225291819878067527625563914743175507638760263958975487493873088983296208
50542634674857546107024537028511046229062747655050895293249064907303703484372
33524430811755859516819637558444041482685110614223088451143914173923208847676
33358869787317433167056352181830449629098288682833301452346849115551316297465
98685914262981822500285873917674062325751259717896990232212259485192210343894
52029466405588935114493178813005310281845572301364151593879452822818090456845
41727086583332151962887455003796584298445390883196973997408015707370778515058
23420366749788166776538688116454542723289902755034275797905450006354697690920
11032273691468337898626773459582275200197224116847860996677768532564710193323
85942771980183714169381321591158268552636978414223137462581199289300744620637
35186841655066106736044731674008058381133434714275943947661349854627488759954
112194095451779689438373639685599160149323127511568449396557263672804567725753
104597546772274504266605894416192824602823132772799562186799234005489487772591
28982626066380039753589366773835389690983099303304912564497804649726846045183
40805908718761042346429423655269172410123078012968227627938773773254404290315
71314913811228795304369845217949272167390952026681223615566593657814593585052
8557517850248597041014615890535108837920324618020250803786721102791650131455
34838818489868179327069015078066506702703238276045299353451765894850964118376
89022634239133803082892015641628078591393417155913050822963278978172819683401
33536895082532413142174123340206527988289032292371521487228214210385009925106
78143175487677705785951066183209938735702765236084450904033490494420566714370
15305496696608812817883963839358234550949471247087773732492224481695251905585
77960418273877219844636980109292067604098254259035958581947729164333647058845
90854888338118930402801266580767134567329716334284953582822723063902093826384
3372872365379589047010711772883229826974264564969199530866857076686007303407
107560647000120893053936843626655727451236272634503258218034628047461217316604
55022638673655543411742792467750655150184054024565366626736790912428222060982
45620184571320372309127040227854248989425805517461495763917457463408447176164
58807583482943308655910886778636801196573515826106172695525127674419540193385
44558946368296092454210435008867453287939175800749365583406887005262278626024
74464920547859857468596706275633291714837267167765314535523551017728333848328
4936358977496435918571124182042520411942738776837430502492318698118898821573
67584561200144099844940941910563172065523936816578999814717606616161063817592
26625323836997329303046311405182411138398445051938450948241088640510776776449
95448130083543877483428027418097988858867051183911975323782415968967655762074
105954154549433059263889351994684045546330588329921153127766642560050070568631
105508279299543940959525567861601860512648800412620588864521640799590820148469
1507378688472296147693575780280419580391115740730718463932365100255834884820
74433212896106927941965992013880301029371098338452905661728910118305453159346
10929868909333573017894422494072111902135149658377533173914361237425736872312
22629682809831004391828119837545707902066760658523878869692191533356735021119
65157198402736319930386519819036606870625298621008621951656666324623608614445
78653313388044514812616490066382109710472728872909188081333352276911271718438
55733743165135704352116630865852451744627472416688633871448932160192326307446
11863622247273119987384713555381051810932199257583457160537717301284726444316
45168802413639651102285337845486995723099071100159147684336902571386348442194
24317611510114634078893839352374276715873992935333737490449289109693353912579
16497436440856999535961783531837189814676485396093409290716915481936932095416
31749491739347119304227555281967247637215667820759020185622419923134812648110
11156684108238632689951990724244902887454034425227342955212529420231238941025
29490871904544441337562733497077526985583061717539693846849210275780429567291
10626603695496246872556735420210091124071313065604244455367722800538723420731
95567455602461609188096999827680967151644309134793530325505210571009660311858
27730307472110192745004602133702864670365919057160239512616069741433314672029
59929511433061558109648638432283372761354722822040865943322403123963747404300
28285792719339137889212946280140527047492852610519785921177417848619442982248
80811841397044267866036006827174197306870431553759068312711745745944662841380
16274408264098362136707060286276792170601646305969753320896110651415088524589
56851939856773268119820466350193063287690816831640481897131993210851168912158
4166524826574939686320949959817697680095239568021583311132384210281462957578
22300255143403279936756724939652699399133947865763693395274626345226101273819
67205054916356895593172263796733748100883911045482399630648383497119161545694
16565375718404781000942984112378585184385627924147579585691304267283926310423
23776571884739860112331658183548540383649171801770918296562614957438790665589
52159461250898254801778994559937453979456515789953056669553544293321287198187
91208800252605422884300562374097576826693009290197110345998893512496088570257
29772186758558748480071246810643688820806983324460609372767443186925625128271
106330681910896784813893163375750321011123200681854422192676955738765456169186
81094643494879264787427071511977042571305785799687019180999879324903817165444
29798219605882868996534714914728179001533397296526861401561548873072391074376
110310691217354435501744647464966522398905741510399982653247170966667204698304
104260738198367878833089417884745284226309638922430466701796727193922790119985
60293302115196249273632568368273652101690288288754747704609456652024745583348
28970392836991985971097754901892020170178186841028545207837373394533819823435
42942828345164843903298637987904918291777779098279247221115838815867574773318
72881172481352378753319122206966707331061594919121275286776155799771367368686
26647959373859980419520746354763630346012239357553843032174349773574475726273
68198537313143718613061736828658642367329692344415072740944546485819333514116
19407500308521382055326559207931015789289770718625682606613101325975858967506
101090994121198855708494047187486920600960671070314738685333792056124904477448
37386862279677061093506663928981011436283981822817463563784840393977806952132
60579322721818699551906398282688463989246032448045046651316862038550681461030
75544035922282003851177964090222501251902379951043054899953499418089930781862
84767459485122014026260271146858348640046076386444664649516325836087775027187
49833216933200765492807157683275883553695363765149294724547223729669354730942
50781730152305670981415405433030075419755765923554458260053759636165904038010
9198767523412060439438336986550710343425077494346259152792271184679763769305
69915064309032984320896872967991497056799267298710689597294396763905709299876
3270029774674191394243549016212736899532487741831444441589910625577412315634
48767252410264139734143916481343444991993620079898099972500889268517772227613
44952330175653989376536510356038586237989839748118581229291416178637918872305
13138599127680909270919549539161172895312515118149586624618696082147916222910
25859802404060505099200122629041058238740390790383253220125860947992780588407
45477902818847582465239467409575753127101807617387257954943915292678814431318
22465504754510790702841192889409073026383730754492183447382091990855915045395
18932782965856062196746535908922965228313695851753664375698725403460739874577
25629996282643855733132902143287744061066804116547481419308976193013689913021
72202908571778331540206587028690774417126637974278913925425727256479790347931
108166720558155120187140598637184944049568093129230713849962334373634519926548
61361624071795419316220753868190377175297217883526952176498487073984600327322
19746341928102236254982228314283700063874335833550493658404911644441675422359
57043264640831329762032646911458477102457232730112648071747129642107317212057
18927142161174108399078207248504299494746318435075912403531337934938529412687
106260637066822808839231912013085153376620866616581616715896674426276505376198
93178670253541769979323528241367716336207876363461655586170517314155698327795
63290123930863415483224671249229364223550775163587749229344948907285730574222
55539464490480096526838541362450493298993311090458001009971445668594026334296
104499457322579559742435227277830608383645475731225547725292730038773996308320
89524851666491610204614843059099681708866367908130997591134947157665568783215
63042778765191614241160875713827721109064429981032984044299056931449766060326
77976811115683262817417694092014835919411358454815654721655005045631172034055
97351456319272404628044415743912792628479322060799529742534530329273692017689
33134963930209224123295331833890101363280013529142104606733054707145629446292
72349892992206844731537790325129764177649581577615384247566637107439679506151
69160996554789443811836417591337591072994978465906325401947653855510741474132
23788872464288137255147178575562637235659172809399764677386492885025008058452
83532917280624426778248544528224719361667225840819532901514714538737370520086
84541601350653226100937330577595678892060627928038679525493700896413344116529
59528237470341572395053044239551993649669640347136808064565170859247699800679
14777173767774335115992260046529692041681051456665414524994887611418650197868
20154647470202911268255788873185624988918466801907183673858572078026508259593
107032149607700570365460588182008308028661778089128564568706300489780192345063
102626312272231959375416887088469486949467584574477768543636357215014725851230
34805658939549067724984323168296286720559048481277783422461127536629154525361
104305376408516316770355956273520712083326378366548577131839211122839893135100
78272517158157307493683203712472890080210766193293472226247848998827530261284
101476498382707011048546542590310295254502135158750749202124494473020658169624
113644253229277589526844643353045828833307713488322277860312198393426706453054
98139219625257248352875049189451397501684886529056334339144696262063501828813
87384798611436367613616244317508881979962726078628624570003567177463838439031
29362287984897962630925159505231502539816712741786547572366628212961724552702
6376487798811480771903384732781836481379751562988600086068514310060074546773
11046969091938059153046958501055160604045457396337710141829742975501938630834
58589182089183233649083698417058519217071494703307192160561548677351099734023
18388900790041657243935426998824267427945408813835567624665896532539639396673
99071375301148534105601062656203237866259404033203533003582902031212350615222
86588188021127355453017354311566896634208897982433866283689917728987152018759
99481201756683561678093902729215453673442444345194115449416415782446358105108
88213453339343333506354501537071555471025590697217139988386393339096734213892
65304199767915920157734950289004563357029053836718405295262575657710841986450
99599592637832137240865951528370495855008205058847293939874008821242841506343
33926999390741089110963820944363815603015752637291199705138832607338137392324
58456890974127962729108839039197455920600623997179924140541038916391809219471
47607660708314327468371190138601219884346399291959460906108268091110175968021
28174078558978531999975164882834631719722164844814896120238432031926937493017
98235493411233128760100882070687636448421255128711109763927620212981730830317
68254361206027312507729876653992698323842591889294110154813218588189394928680
50159078164075810691633239582561159726948154603488406661133469686821923253904
25686385855985272424614379677424567417468116734397657451659341425019104962667
24871054965348312428819408482558230232540871836511472344730741825120375300477
8851114926424642673400900723756399539626716675761701002457267027831159071170
14422234442193096615602749285811762185068776182926312296751106428341988366496
63924839579887112105956719509444746404431151423704023508436819581732080552204
90883697741839670648832838314635968383259471525650705744268443531144897376195
60874858805952955910508536893709826827323822718973843813363955160318549353716
49481048957802410206307635446142736493670996086698791201038989128630995389357
3822470477022916470995591841759318698416299872918682241472816490086173103119
17274544870258711612734394520661131362979291609646347356123271448208587450962
76865854894907453078836407009829109240518309235539271838950820167362730445614
109668558243365701172317145760669508920353578642645687645218891373549834813860
101046831297185708162439091408851543026647994114512502407938164988317312756212
41074633980688075693306971127682609977166915590877585123972001236594499987060
110667854681751724966032634356760971675981984376004201555807815224484587364713
86106009743369247352646047230032575187377574536768836767557038465665315256771
26548633909741876573237160886552509605834736767984788590752117362579765141412
112996207608784297371686429509641255088020527513650484030993194259814440371641
100726945233670015449546038812471574288526459869127065874332550989157995959934
23018883014108694586369765983625429024757977581139071014114298629513404946079
75581508032167912602070868538607788524823849592696457614460129925715201725849
4915047589618381626002484507318764444053928372648001516224078693610695504071
55159513196836287989648836533624628578056820550645193349659635893700287484218
78265543403317231282722376039950984878782362712358104123824907101208624401007
61447711703276431090290739282380177967286335756599303868159491905378970150214
85451581929653648983886276513881046427427125282320485556735779759901528254979
40948922133140968990616343599602421424724948717266710743338708255348227718956
3407874456190131084375193367529500710360886181596432859348490109889286759867
67286571103673563077988954907526278768714064285242320417213241590752904633613
61800425298946249258842426506347965823353650761762933131592332365881737379055
111410143469647098034654056162629497146608133675765352812895369522706994371149
100397899359686161705196756557209680454767717594511926671389176921482088049556
114901755488735107770644930331287852998163632782688882359448409226176520322139
86401062383522033255503183036163185856630722234676385444285785144580053760797
23335546507229544127358392117404737336375668770221938964227846906842547136519
5398946524165214463654559060994064756597306556158851461443860157896723927078
77922564529608232325162965250349895337946842698638478390232813835253618473022
71701568079444725892872108775733876325603506661100978137177784171799109324886
66578853159180380005803714810752593366876767265654137930672411003800837813776
94501426058120639566996075359790461801537314819647352775642806365895305903632
67511557331508636933850023315422213841869538784685742375421921918542740078127
100222875479547320677108959980618964725231895650545130905891034936728213479361
65521535855409668470660585659763436081926752798201941374716926683484812149588
114646115055535123508969072482578863449312635391428863078040365329215528290837
34013420835112156225741423734717801276572328312471351099714248021451815208027
33629960024087944382637567106195252623089194886201420441972747298538944093206
1094893849310472581235390340021093727855066038050969704337055413414581285247
109417040382839664136494287396156453720541372910399179345584440427495348553297
80955932874510358123314057922535719181589606601250964904723409963163088981003
21043303892744303773727648198157544032073751158880618962624131498535198806263
89025632700711088605246309223170031371154540846919363899306350782369306633194
104582564888010527933148310342299588910623747541813412597472542661839094541502
79989207588197315532795082297829650292610326509210547649252455110150305263992
19738892752099148483452876357970642477619493844212994740318763515606759745144
76338870244222977189233148811699138246710626439730132335616897946615654520287
100990309455042599161766518057356946504117868340820960546032749965034591548095
30304423414240514604588891436108334157900388841036059821971943745987034287176
49337478250141024125121464674019578687058232876883068860181287645598296606101
21163007333701320877572363391630744761623937460056833445444274793524127989849
99467758015930531556173985541100893873772517911147473995173662880312862680476
100202582794848972630778826787061300518327791249241773714655121811040509805803
2535060157788525937564664213254206304742624048054035143307439783657103062940
27835567860793475697008537237227792278122175694612180282286903883897996346519
93302659346436277534287310127193536551369442649568930814711770817588343589672
75662628275414905021764310102678754010923834657109086327356576451857497745672
2739875132997099675917548599612203400292899512735132796398213877125436051934
13178479427013164479078030985783491807969885197964134788375397180410175755500
23909413346030150943445936220514359817676110079106395610388587707537346166235
16392279288269871575958032952174696464770769654503669040108314452240147895984
43194356468085867564966942524950499235224666110051838751320786942321134801195
60798048438826038948877389505136790860061955828282260861247036138999964166205
32610352425566035509632558634799211796467844803240084164485468850076450497794
56679088034073620056254715572613705136968729450804643489682083565433685384842
38391145737665889924547107513572203472259208103806877325328500730360462358079
93671700756949595911842484208439925442889979455175626609446914768427677829598
102027811135153487484485281182163519235893447182069262874431275936233235567749
7336426397920647215227004903775466798421527396840407754370708460971569691100
75654201245312847137012273954122433570523644410243670506929648644111244419670
59752539410626108123418221855641582163990604419065267459172202837261016955865
9541353532997816946941072993626814448049896571484079667122064044387711793989
3996032432999848434581305859820013533367734171936507569056970519161265342772
41521336154687088867590142544608817801486226024370123724217755532391583004933
44760069862027172233304249866780929121352551915100548395887573930988205121839
53541970396549609707013634901807313247029980015238175291270175215807074967256
16301744361988155572228764697443608555748340364904107550433096795650090009133
48035640743350424717146999239472373929113871008217275579307775185515264869074
95115592758724850005487318727570408470566949499150900304860418640864348667761
91190964657371698453586095911135683615847980688907702123441387330612036982724
85829908688127425876661168845591006248733808093405720602019744833713390806214
15572399142492916782375617391357074517497434401608490602117189152662295915109
1559588653538152340638145003561244699795709000515708127933579212624945495244
93285640938489941991633215732401819077657601436729459195181888127962919462595
112980042562523799055116696601635724032430263593724804148783204695083917544080
7209869023272807685894354447359483944146049794695404001739045726990823836420
15213771030024506925562588543589037992634857083638697430821096699479046750208
