92705157996599485791629213735927748537035419494306781226621992496905888727040
76576801265535243334800173519049966313879192534915001615224935083251702169600
96461798598042479892310083454580689713497791589577182266959381045392514744320
1924062195580451042622075541474459925074364356345507450411868618729097617224
1078765824231703933834726547093224462782002860905566961632092564751416649730
1674758453162418954338637324583189324927222334128843226668167766521277740222
222473812773991722670290544016958678312267769434831793628370655295216730066
2949946946133944966734024555088076886154863204356639876937551215809261004422
3460368148727409179283758236605960452580211448787550924541938978434549568148
1522655584150029944766527358405176111221156830150951622491571585303407485070
893958882203070185985286249989346020321028915636443406831948297111988061031
594233723940612925941049914503867992389941493973500280807405307970011277198
3273725005557638987621154639325726975989976713253211934022557336607740918086
2068080316988039123025291459181526138272824603045305018253522263895704522270
1914408551452200144578159983170175966666638054415233006693095244639126050529
1935767432395639225773649953284603522925902548065371071029723513014878120415
936546978802685560948157045080944810629506495377544813064999536285303834735
2135715399091732359935343158077101219499083869578465198165452338836366422266
1045089291792473777516136350568257461087467886326772313302357158240011663072
117215245932605570682532523735492925236191454843727359680289358777154591058
512429669252481943676608139843527551652922554170227976693548183251024045033
3552496418199439356795589055535695931215936369394073321728913996077001715832
2135921147399642126441350964267666332230655583616766604459621404414181245422
2967156915164635353760909989142858817304644380245052532354504072413015693634
1162312887133182725782841124695956796771519166103184645342630819661081202145
1012440246042469859769409281658838815389414190219701447017307999085657141284
2638896108923920067126268356112349071489279282205554938370711771204466753876
2558768871088125783647397813074518950875937840943823942060146777142979796115
466859566100709494033555072882045026946624773950086290258409085990098107927
30926344284892076186303888974213161170224762595755324653457867560410428041
1383657245078097959841188951098468037711621452366981571448354199834455845574
3349003710969811510537890399180851398325498149719740895358246768981233504801
357900536427751734939571247433187202704625804879677304021181752125011854949
1421756239157596467913320081625423844138121188349563781607013531891774992359
264360487611585324444487993807487378665281093725075532782343615562981522809
3344458850510400079105553765544575798127133719746268248201387784561889706746
2013353987587720892772089731732623329850196629343983269042995680645645806455
971317809641201688616256170055146385888547236222388656759953339978646414128
2773835826696447743225193144775254866499640713150412496792366315536635492743
2580890911339732599116087482409752298372609905483702844191504045810660204032
2756687311510943323832008787071469484775926820750272818455187935939644529063
450530846065717892904082573526018720337441083619946153115805069705063290787
1580447034967658594606355012031264541079518424261315915917415885637286570150
1880743342127057568042330915833851031422808394548685950288608982804231314833
169607976822552115780945011767688420248010536751285563527742020580533752926
381564120897945158136567992553020449248868928610309487422937582084964853688
3566444985548531589528990297432860581086455052793117364074803523712120842325
2740761725781631922340581412478058508145619211554099725126107531993994838493
70847065318933365881241361008343337029142047726654450724240520679358393019
3162845821142281655708171570168141563968639727481681226501121370005878368026
2813755406100765049931299058525988746894731291504332572477376669031173026006
353978625020759914407863846826272173323269428043724775807784866324948886532
182757582145238735588245410104036712291081332514800736094645609337422191965
308953795902501805479924608657067650428257607414393439900275534493352818611
2063715490314102955426079788966174683661965817016258554383902920007868075609
1980595140994790858451598765099752354698340689133613800165593726604979532889
1286432744925245260610581018644481340369124787719656706169328007502442704647
1785222965661594221970698639857266491043385335455147692959524685825912687856
3492343710018729449836159574809050721334163410206065519393296391266109131251
3181042367830983992982011884643347621178750022467128678517648494270572643108
2711231760073543395232670016689418226742808543730521463789556543090516242976
1233653909595573616863628835754791044862057235633852087951635403806296111123
1301125774535997074192075849749793900003380617551174966880781121029716339958
897912291376284287749049344553956904832060513640754819195302525814630960295
3026520934680396724298874652281776376928140942327617969825569329481920736574
565669391078755039126524377544747417763882601539032013122986847521009605449
3057773531757869392877301659015333624781898707685789553997456368890569955479
2218191778834167426223949392867250445334743865187292634693956228512229193301
522652751526470157385599550416429953755064981525179521529663736788082377771
1083290803931696126078083260970838155693140817387693824668837179749151483484
1454951127737426786767895120566574421246927269006221747705429959595870895617
1776505272546747022644618845793234607490999271484871197538349444766048554227
765588889576663793161633700386290532134566050502125264284464433073674362586
988663615188029674840492083448083108209983074546604096016582535276627451691
1741265832333535479823998272856551073260470588958948276790933541168781940535
1605875741611345697053199886234002403419056984888906330600416395453487429994
50005653819090797151621690448762889810586574087292599259590789137768784375
2289616325328829285427067849724850038159530161168709008908991853449035813391
2730778970909561883231283745182416334394690245815692558803535594045626150207
2829298441478014110329403023300061449710824187873160045725673838517005021421
1085816005960260030441370067293214447973611989821854657480237821357907268996
2985418559814890331051038401027597752168962920558342840732063254473099450105
1844162598652340256015842148832136121335519572752944295875679549707475861547
2507603455627536959185165929250684704211556845858673615199075880622173044972
2408999402629462127658506207092995878011862736135478842257057524407278021338
2950661614151591251551499453978959488812364497581275260848455533808459094119
3457081166060358221374627047691774712498279972538456715665303402414136008859
3517505984064172067864307548926006610698087864306082994728715632104845715525
653075322445536181651347851688182297296190305988749224709579983073243145573
3596451381596328983993992909974867741401081794740672448386376017144592578898
167937009263675166384789869473969879335803924436727709226678502872634924640
2748536959890802685031418286341397009305552353217498101722153657044385574944
2201091268952560783396439472495632164330304143366810885187815661511746631914
1070943264990971725372621708374303822945917026124743806712665545478016443629
2684817934049762731252498809307789577846806031260808150051709898824230119150
1938287020253410502408319513681393151833497520494907749919684990489156016135
3158016969721460701960122272009982402946255523031107141409022503617900195484
41189304139217844692263525784928671582194766621027601047973432788119343539
339267307797511133736429391400413483856420864277051230420740069372879623391
777878179765984098817298986474042142217859080239251648245836635112855078050
2604269330759413850501838591139592275809511691951926727168051785414196381977
1454143079071408646671108323049541017697418269975747017527633352746784478685
49504095119416699086067065646641935198885126791269591613829553815734946442
215814680756896789943932950592486580037260401345455543082850055332641887108
398810226397121565153486884702080562718842449004958004754755434125272732519
1653972002592106731092668315151552472275952151981060480351593818658462434903
3453632515557455463331945229925772955467539632033359817682044864210884845049
803598871964305574333756927504294934073352768003777282426765874960280871596
210503682826836764395486405965035265930907523089627366741297715524189273873
3284865635367048526076004377101658981812641435094365288070879464931649390864
2316369577645864665877170367152363656179590245577453337528422234872269133358
2218331206523910928537805784130787010655785388473761704555915087824934066543
1683061762621637992592918634423259135642383205138429131468500880903813358907
1480845759019218404510492326669584619055418312592659631913059460667230242348
1182621518357068156083355389217728676865530635294191861486668963791807800037
3330855759829707712742050923059518058110436279963412746604194895327390602638
842602627589106112585415856432533158391734972212629309640053952293377124324
1903957250785408180585631457873668095692528789740655870905270870783682532046
3574110454803113352362456563140055027018832791217219018717201707967828987491
1727659405883657711168235082934078742807023749607317953082980451628675405647
1086059473408622941785313590900559908551028853418613178583796489152863578840
2427672387961333081815512186423627502135029879986549741629985395017210630551
2649583598971314803636453367040228666869194654069125429924900848511494579654
172088327179699028726810828462760590562915784801363417057072472828425772927
3590188007557423599104597826504827723010608436827529169884629252531784907627
419745411305682702573087138496192768411828053311907836572506623844039815939
1714378196692682133683081711969820633777518071931926263470052241270270186085
1486026767221103979248747268391767336316803684435225349748562583509655423068
92683758328487298068019751796235592026622053406099230700930819818091604370
990646662276898640339939899569387620813695544369635013406391212474481633944
1918542340510391717154466834221084609733839696719336218822933338929740989443
1545039899725594330723169037575686598282601201780570212680149661886114579216
3049402119243075419438828853308585860556921161978478817457548121208236170514
1384111455356399906318896069370739195547315418145519798214311922285035450125
82040650298645613195256121731799209109105531732897277929644071897007990428
2271941541559256620422136044348966700295504913690986608748828461282066594838
3561808433827336629309513821404176900606703588227076142202591317682075020234
2908598265028509674236828261913229585649866637364996708488349156418508995224
29644200512633744347518770753462179759653040695425930954291521542574479245312
90004295236305437013889776221640734533831960869950943017995600229051368734720
2337319826395746452353197993019342844537518312955418427456491241399144939520
84669789299883158807253522315941741096218396584742173639408063149549643890688
115612805612568918131391530956119364485084006294232794687247812780366827094016
76983338416349532948526225353568399985186434953965028545979743314972665446400
80845927887321152793204119893555286275655969385628186295954022106618937737216
3350075211148360982015179377138226167897449462649139078339517306840799017848
2052380657287816174190504900619598750184610359805678166386564686693848692110
501813316892852640766387943693182218805095100682637393130194127825090595502
960121975747791718106681097961136873915907878098883906487698747931313914217
2377370126902260001484157167091808978005303909987523606759726955238954092790
2532480018627644489409412594226429099945885488931127516767538965740630384424
1962661183888793338861702524770232478236821209503568300159776129920833716230
223410748608919068433748550438215440029988528510300256346335669896368932605
2526701391498629553407151169732130260526421150029962549439237719202196230327
2151385509837445638704435386012624128378865564278276859288128734928588780921
165178454261321189926616112054665602922401377811614021791091846124642313921
268334911692173797767146191880861505369925722319846706112705184670259456361
958864458968057752811534317763716130643571560198036157143921197336552172676
1508934902613933022339630331526901097005200430926910718706632685036372515225
3362554900083902117060411794913301232833024046729270589726879846925318485670
1357011773808493526850709870022720424439360603677491857506614222220467908597
110596294187866788406989889417802849961208662356093736742499059339507305234
250325571711645113686488933444100334557570959155209151613081754837219254434
3155268215636310708402643715202892428198350895830386602719355031370798533233
1349958322286957437417400899907918796557987105655243888265840428729483769441
1348568201380611716485986328764857393562304626293631637034643299038548768317
13536979523299603716668376740564490198524190771533386422525352766474208778
2899488674499894407638410338237678339118687393250050866498857211038032505743
322444685425725137334498195306844978288546992950863043140587798976774219435
1633814834472361166776097273998440938595691004454950864379252180517967010246
1723333213594121217104787316641881662208253251981122551992794878620044309346
1429449277738934338098365852288214231303131223642027842861073809256984039250
2134335254278048324856252586788029963747105741834035561522161303522952790915
967777294936326431541135708674792756825896450474459803900884303809112773758
92015560580000452076796703514578816353006453337614007397255567198995911740
2202098185598693452402596193278998239500910661957969252077620597516593008078
3611754063700611464392934281625527832758452159351038471964111376679222560892
217431755981080397666436244134612482324472944006514463492210427953208969761
248021918413281020949751889986246281510982316084862535228856561755825953139
2715278383383578835032647277254709169213570387769281909330434886491332312809
274034776131686229824325067638856571251888406066061356997375949139547922244
3245546586086457876504991111784180788155712913335285683511626171014596958662
2011961829346906307289277967680649123983758792735420866587397656066870170442
608324383663704670958112518766433994143413957489136565161542380950923896564
3342523793015035748125693832736315419683668211077952014215802531737551645311
1365097589860126579344915210299373601996603757935102344595236974870495510394
3242207774115007164943324250039194792474595600950557971651654881346825484543
2130399288699130395645827353881968179759320400168210855598191580825494674940
2982770995761457278535632572950243955117484104894189896848805484966925114775
1817998938062242529181763087197936472827141691426392363131665197892315269089
707632312677992773600241903520491828630136556779907480044768040024496168544
400091346458399274375918877998720200018442980315039410763926669131284535205
1685067910740471444577825266045544859882686401294946190535857076810849392029
252788601726739895606506450729286083916291744914205050215534969863764008008
344394530966305652324132164574001540985069087556164684585811763125736177505
1653484204436470944842323610084394863763185184139265993421326959549185000147
1332241934938778820245172189629381895732682311575357174334783347837034459422
3493035380232746639338216641547562859577028865493967467793084532667976736716
1062027971297999027501305972985810812642164771534339810268842644623697244461
3155185281027508875161235820014087847139332701881651498014306662931712067365
1057612928719300517862711282734272386887401396089595046518559345944783616565
2772659068133491746200188700763905348169126507454640928662924742824838121710
3089350036658270308546793193795457588550467482769235569686208229426354859946
584015491559702858451664143783972557676938823728294027161985856277294970086
1920098061544724366676917505583946175671441858154166343345538090048480649764
3382909280817551097302682897076841358569632324477334425385724721890278465549
2792395938537313386746294233327584122110591395397335989874689479100332789997
1373249958705783403847902584331015561572746032831313258568989859844061809581
46612700647411572302231889094085849953983232119668232949915599585478463836
30530236071294483381999991833889795600465741928535559461594278580127
79051098758072705466187882698974256865960320767359648431785081835156470839859
23187432622063838739077888496285362898352990829470544192671174359690392818746
90575584181845192936980740492454880970896465122628564134785090618949077740909
11585220510537103733693030538496939455225727261753475467958811268903174618090
97615095561131849837656241130124371964149948771899294634382000283883271366291
20189907895524896407804709129050714779794018285536842344488514607001751448017
102333317906318595642858280740285839987250154406701692537564920854615289015945
31510716394605936859085843082758569814631327406913419037024415769607659949205
25777907354433829489208868854164710323830812102044972729832584682671865977210
78740293547012979683637550212762023634883431078485103581251814873525954967685
22004149355504948423536594548109505421066510383469453627707454985564697374462
71626998582260631145171294666210324745040553221288954388432108281176029190125
32836431946688328668068009904413255853817352899098934382110447433740136895831
99836874468690812657981684684709921080713718044349235667923575632481634558051
79317709328401292617476949161765291848328214441828373764762999624301599851352
76871255633492628181110017221109850581620519170414898136533493421827079364095
99609735956097962378336493868413458671603600419844562482533331536832570155265
73642921495042734851383887815981553135622484697861941447496747684274303619554
16346965279190592347664655632424286176355639570788368754205342148792321169460
82891940278550708812834889357044813943527488855286222755254320850969467325613
58601918538764681507097028925927602394098191109377955179013689798343199966358
78501802347959182518505497169442976318162543548974433045782869963488104676146
65642942813993720970880055253820471585725494880637678798402804221031413877676
79876399974890161998040837553755940724442935573594330407601216083243706017800
84768491191677899431321427197782305045403276018764842994305475341238506800461
77586080685897265357202156502163465973485885437761490071605487173075830076201
78950520773365398087963265724712071188038755015960429296919017289774247278318
109409217111306423742148894639279963565905547640274003129892155246492981206481
52259981545400298286331774929788422678885739616159516489176239575240420917340
27667237921396020219001903305702258453596825931452839798670971948303982834400
29299893593613268466997025705074148043726650387694038615474702626786686450948
42099477877371603698811842631304674715642589928503092529003659266179847081399
77662007193379578894094933947022342935819014582561807712166370093338142697508
107154648386941446579912366202219817469111106556223080362346090373528869566529
61373991537392331107372286046995860042361708635745210811727919352222687516986
47786431979090967566511789734153858162241398124974669254340551701730156479421
38534425169795735289828679817221100169055582740654281673242713523308544650721
82129440512960021798260182498320611082496651667904354181106528744433899056811
39733360487546628670017905123289193896832916469107145743518309229367136156509
66711115273430573855391127063912047217262972376637752149465346772251321742009
44574233160613594610921200340699348868098959850289148566373870692271150524199
26376596445029427194729449156189542863745340653598769211054498166035343907299
78489862952264622658290552376160509926784096983494945576125334313116617351951
79287065242419747105183077219604408941180942903999938380599464599175491126391
27254546203509951815980380529530141727354286223352967819351470663744762108703
2960627254015516609382274196392896664178199390420086678554777789536400624446
23752671254311715594972357324633512657135138272675611917701841655065319973374
110201186865352954157704739661685290695726697534357549723530371348804080556777
39257801760079583334059139830265493106717051614808863133384321613565217633924
112159780248231934507174883348956104100307974328419785736620128342656010574335
33615200699666742783880661789594962598809699143588904997650471737086174457499
82574310513479590750642659131632249059951144423913040984982444411913321951041
15751497702678877673933792086819111053476457071792550061887193323568510657311
68950045051376109756630755332969031270474785854905845751933887059511748532600
53000015138334189980418384838302431722135519604608790082084833998449162505190
27671207925920814786048613508752594713578618539523187815472683752969691400346
113518884451574936763895463079188124242685501333089234278526933127856444364049
30056364747077860155097617491942443193715701702883750077932280180523469927587
96903530855573554748961283841831337598351108211861043664331022665524684620717
89679608071371317105314593119291325636958584918310224083441821058382318309814
73366703626442034527774799239124949523913224693096877050373652414443967605942
71611864203865653319476705358449631219076506598875889413890641270185858621412
42335146685341741675241751395486833967495658281056901113610565723937747297431
67773269693676026660538732783057157850362800102671309124265098606480096129911
115401653958015315288727238420232405964672206126572680685107019055107935166458
72810956378025753816899091586297558063128966488215685110629642937418587696147
14959388784271108920729617932344745193855802367123452198168663888488975121050
23980693809290480773951700846651196854144389630943478437520542857708448085727
46559527351858038418667362597736395218210642587935652803379827388523120774548
90865631677719455259285176516879574774588688832569836217555869765581969304098
60899535421474475745874123609595475323896732788151967935129752567670476794064
39697108304065554786380833703075780278024653587380603006269353012195080081832
64720730918653422293907918925977695456428896308796561024617643559630975213946
106064296013581494113675817639562865564369846541456829740523651385327053620417
2354381096616500962679523102014009768526583953829495659772384495555959407286
37056865341335171819980946383720729617129545970803172766679772822246743411049
36087909530535185367414258658507175722424586347333256824627939957562162260195
75240635592941377586740199760833435378557442979533836408774025464726324359689
68591163548897647233115012683458441430458691328033651529278974470527951738856
50489248442730491027238692978960726009357108847547307121171903278377676845736
20757475832790354228744120991049653495504830463551473100124390223177277855848
92129836705424583764832799172234636907561034805697529619392080425414220349275
66645454658018395479129440999648101742537600257907192443165820852893474843453
19850674014699190087405303615383609560502240818108674748204010292172041041936
49624766311694908119596485143702277898265453505988190877539299844309228334765
6387791737043867332479285630311904366607404386613926771430884514972300958925
36813150977159105874499468193007968503667044385785828607496875991750907347683
63649445967250023894145471705729102928731440500546435873048957766016897970866
11071527728984297963907839174429204328018715160437243996123401992799480635710
9449649423665181705190556753099774837211049258313556086525059997873339718322
28130466476296055213298141539014595140798384833800446010237985577538434487114
50211571433067961136934457414003841198741828495420701172198283850039522085089
30888315030270016982523390711343741067681347474346382555551290043632825557110
62104045183561443563707934844884761478037567579571328817470520793097514416666
81496796801022201507621956347072687517854026619436529134125506966959739508763
103969158332169545796086146774985231199135243345478376181675971970419323622779
98076469107319290778796082774327434843089095694108302111974432383731524848839
53520476146546305448428109139063796793024151530006364872663638969147033855743
24466014693239871239379448689863686639789526672753106628482985362470338774120
1849200407688457414685011430868883756313209550493854873224745473674294746663
37671709001370027346449897432103970010741794209961396698827333774489762042648
87152514796837217816141244610008819308895062918341506298079756134118815790896
51312257115860241296287247958324453111615187195029569369674024986042207409125
15214638657859276378983898942199073155784935017669118351489209798927479444423
49788852595209680349236765338503055459515281283346006747738527615780518700391
102343955326484243134805271429586164045916071291802446699609548147394026310776
25247978018477980195653974441784701735186044300760294510758502781995547468181
84301597253294362303080594226487531539331298488767153315639916183081353701520
49986206851835557667669900022221318422470840746611275585838561364290997629361
97895363349590498871131464289281281278933744359994997112367319784989982265599
44182800608157672626735624729852495815496065273778765376406586914168135463516
42602373376093050735180911253024178022979315633161346444457741034840336468237
82183857088359996640423054773980973870520049864894005169501645151465766183421
62998099480548738399498578263254530646289478893971447237230061248093701863551
47678974451819943932699525446337819573114561857238392265697313670552741209326
106619604746071891558069454602072808050282135557935918653982559218334357572162
109683447916921962389639077927355399139698707798185131937553251771998240001810
41073637515322881703766883397937053991765512999937303124631520985552869181202
94858630340578444921760733746873225979740928052296116207828141387746459593929
28135395985088124075463116903390044749237488891614481551565496706955863812696
76421148848236938503862205648774666990111982782305054159135684484336249643063
50190044583894771712745656341507835583580143424477645203073234549614430228135
48742010065846480423198266896286747935665424430630375700050943454854439374836
76181485310051010844217577720088311964409230339311683533384964504820815295802
100070879081574202777699362066778832055923567337885838134866209224340129926513
2963335342101707863350329726812868090109402516219235854095845211315969491670
55902260236025066761355093668463595249640034830775728752040627511204213755548
24579429321099137712254018394359962071933260965727397650813808909271159367775
37032758214865216850536576532082360797097156566781918969998753873595473473855
114565348220334348154146431847143580674377236365144152091364702627087066430954
94886090518615894480215919050214930992754627524696349323150706291719563259229
84980080333733938247220706053519418872427201266882046040947907955402435782058
33432642912090727638653140922246765700030484514768856398930281843376225531696
104490755968737794221152320274867980283255942728165648018637226008060876197643
92329257097825598771158391478835458265366727922163525803813195155250410915077
46215172111678202187944667857176101277900102312020350084711208689367379887709
24488409134946599756671517978515025797948086456291236211475331969673823648817
6973071105967075683840606666580317751054852917723054176599517485260596550663
45356609711490596681270820287977523092242904646500857626533192605351666209296
40147616647013039260921445490554554276359440324375845921601789013388220050100
12947316009988287626953922199706547968312179371722227616784259867320502919657
68813936016076982775874508678888214773179023743254016727277679254877119830350
2158951118816479910318964789579521259873985435919396554001165509870014533707
42281287432780451707313269664312462115919922959455014799869900125037645894967
63888966614264253216136328804704516025473050122730631953311592431509424914150
100504911418067894596255262122012097585209389257903085803202941577835020799854
51835778667559174408484519816720035765898182566248666169081129025523528013563
95095472325528346158058079754887150348307878180477817004907152760579153829010
53934080630707852229550023513969552893215949103972014916190594419922536999072
73428625837531618242454737765813612082812186564102127271803760151277890377844
87598992830249543621220556076983358250424517492449391707674503717470780960733
41012717788904020687114584175911842396259247241378058606934450808581489131259
43340291432471134776044078327951369925507979506220406646988360130545819021501
22922804496388835369995030653325540308767686638608927082329759006269808924955
96774096176882571588258380874391994660038374844196401466789023874440686550262
52481718600362746728673826756042993065787003111831595591792196285463867551508
70121843764471648989503695481932286881590429070653235609529310679210007169527
106564339840975377985139579356056830598460672553386439997991532135178979216299
9241019999448286941348618854657764127027164181511122425278121257901546709029
87140970127175127357883859915103244774457770452994874807573178196039396102797
67512247083123044208848833414754727491652678735648140215816227030333431248655
71767573759977435971531875920827611128202200322654291145537629512974416067787
10833535337760666864929605899886221147344468451632589134462069788348805586028
112605265070900865220763678546063417668829300239933001299661706474435906296616
4446633305783136804643770683795590004350638612878777382362405404099624513707
59960944597900933021079917992752702948875517291107623679905559641597256178535
11992210185764072123559583701171706970070849305014767809383409231472354220789
62357444364645361948881944439476364837726333777831794243587525543791700807580
76915030633165435986679186246384836151905150074161221648940464462917656185501
64758195095050613845915030621928245728045440042364516724933068600776194801189
86929219035175279217592614446770953760968088755656098358465977652690450711046
33099077761420038415455303455770085736535354611993274446484165131114820968093
51082637101367321957045894094443059003307761267634824005974297632991250131474
16141626009718933699508380118898268684766018267156325879157685521424625838695
40119817612103355450076688953461315863064360305040543740443629301938256301505
54924652769069686354046467512624424654841355829087061409827600075615772677630
65837908882851907923421805308700586218552626274220110672769593265894640656925
26215185838200281090473158755985673455901781010095539453163163143008743287687
83065316388019847175301038390002858487835823858841480387327004920011109081883
48579836157594181402850524052677520625466198565926089920110188326899208391820
53433650034026412386399216963465259671835209424553924902457196331131932417774
40436113798829643215221285659914433126477739370537345065844516279645548726282
104742444827798660852658273742129552300955905985535566307377950346563359614025
87077543746048402917777679678863478691179142257657322122064663049143935740483
68444550377081892083304838131892594259172809856063675676741520512622976104084
73340607191179893279220287814497689987962916308461848266916489080053542391462
62532876781660538549611187113742002173555210222816505231764690405996695203021
56636190093536082382446724880894639948499890425664721713231205938155096244776
92613443039888032841934424215971297690847940927093628068436030535809215427842
56191150376862050901437318254085489483953264096337166154836399865410223127389
78597586809502246941183015564900458325273011309784668582967987566427452268584
28578028934337070276386799783022645937526233452896511901706458980931909135206
23624413361901663868894269192180493491608329418991140808936720824728781608437
27151949572117967858684752260294880332745721688277582942920735775252724273806
7859182621353514239421011204241235952675203563409443399583289710823830430007
51352764372728395321868039149807789033901582032353416223408677531045823064225
81233850942564000791635191536765849615423016649816958373450694923745885034038
83486954854451191358375933968967269099934927557834167056719999534290961119698
57947914676904190283179611819572826636389545257951141453611357955322226192535
111463914859076620884593854839053585979298600391746596507823105455360404313193
88258416305750642383038372442844844261159112282421833834734193806908797022670
3073166382957286043952614485965518056581144054688203180743455092328214743392
4639334465486345041368245041057632123393349607107200162073284024858126125692
110963474519480321109319444229089075296663611591529380433711331405185264343349
63912748820279843595102107881216630661289144683335038429102951505948643487173
56658813542436758774557663068762524327732420540377695540125016334018929648933
24606171302047470594578189370578493947782024836050428606043163776591238806988
6732976091614759749800685958835510978712648019315428493037762454016679869998
65838653438888963378592560260771032473380827691993628729465399096788026457152
4796802171305831129830254782638678945798985659635004535947748208422917171031
55718212499020885677408905306862028517921032922718041924680937515021525042526
93918130693880880326361451006479751038298851061923713701333008379103998848894
7028876793435243388187215560088341117652103014529185959513671481757937414424
33759065326568598914424535014857158299490635821613452247866081070330588697233
68809318836889657755258688303130389644627414708392741451112574824682204072021
78639020737940695921378785830460555296736215249147693929156995537076700513843
44632039774470682466272974012073489172776602722033331869661997060353314464541
95139284584511455254004190982374489687297012649652864006586046727336195519134
79609099691554107133923591231411169929188233355046661879094111854402549498293
59754165273380228968851826935650625847949609851486920933948904762756943759810
53670714891894191836660823537793143572316713657991363690202641835056452784503
105690751960928071570650382006747348872613040919143258740955792078683310591374
20977032828707087921868054168284063823513998440638379176481291410534119645147
12616356595439327939275955977410929698952371447642636827285945315987128192475
41730418028379104161360491292996382882805076387095037672596000052160099427428
72969454943452304453641267984218948514105960796571728437275892486524829033960
17421722251524471200648137346839292034503014691949834469707337675933212336642
84381317411114937366760587038246290299168885843485130509782357510068890842502
43091264695691699253948258718472797497749918474883177506634816838731796346457
76841152173827620304301069626697954402321140319603888809095124969442397855577
106837510682528245853503909990140921167840032830994608726882638250124996070812
32131539841267057738337550694559708254193349326775173805294689858729375862963
112329303794242466237518775482979644548644967509359692067351047333127838288306
55624166368036383600056128120971041535484248052168744009598477388700919209937
96186393129471165088886384288255450477304953877519737548654764276612671537603
59148460882881986087438921311005850898788277640170828690062258727453239892947
13535072972496320060234115241712654593707892905649555096335096831003816799690
99507109680481523079134154670748137427357041153272754146795851302465682348635
49758143032294009372241528146720912504573374964201426978303541945247538718463
44834012449999418500936420412089608314643042226232565541278240988280776904674
67234132387010219963887791506016239479510087755905450399695502955624145788212
92382991257403081390581492802382334262617290319083581792513847847570122734914
84486790335724655438349681957842667354402954949541184472937345400752439011407
63592233591521465105216952247197788847419086399761977817805003669908834552764
110905739600107432889662824597611246134446326812541392613807906838888292385327
108959512681745641580465986918827904532907808732132106050615382870736861396992
