110087449922127833296868369680648329031029742541268484072283612856111148826624
64070899164509899075423896990126363484742005066748025324301022182876131622912
36665115601773396014635372379343845949757670962926963716418898650411390992384
1440267060694986404329929179599581113396175664279603667035963026489327661320
377624559553781442060814274165633019637636575832233320406437976487028715984
1681242596430746796190221577107187858304574743078691870768539904751366718653
3173244129129324921896126116074999136530515935069601985275054774961230450864
502252267857077114042774900572057164804393849746231334258805533531807857176
2728738634780330415312156777984360461759027761255655950737084887655977360236
370360269862474196095489610259792336617547118280304661695660402118689994750
2887477106235156250876471850106188167925961529280465234297290053702628930132
1609126344334895341492312925133632559703182412716940703740213820169936886868
350787169933511152451019426648280802663813357609679058890185415411230081815
1308072809246625514997038810220496499778892595682543254724256880135229274202
195726306383806529331347740912634924169459203441170145182384403033248282735
3091143062905819665545921123859327533129528696846301737578487246752571179807
2072326352715414882323460589767878286295173740894728590665170068214460980391
636628178991484073000522689125379031633486791993307452358926875093039237755
3575660324476283543087069980689625541232440433945520680450218264219705620151
3239711146991887581511083097274447690211591358276714197945455263011367869550
475086994519963735612410686225939821875823549851757472886149502240239758608
738447591695463087917497437719515029854618392371878977258882458914754095573
3201221797041210894905553407067275039006098564808463902399146562352333715699
1140281870997793271550436996626665842827765283751321380533113396008279652324
686276966491702398552235597163358562428446453241962021871531663759364818787
302910059659213771147906865313266518700880079806536669291381408095995327760
2683649374603797047054382582723082195400854492223373754966973806315772366425
2595929009172953107628599768998718345513924610260318757103807580774708590076
620893089062408863175814826688716487288504242538413204525883257379894065416
1431360987966011246342578767012958028715489976445096768812122545947179453964
3587832740424740652797137314143830946068440695048105448992550860003792833328
3529125839025479408349189973769615860790381957771864321041175281690670935389
981372815458822919705874809434675776449734919698376343321954612052173495102
1549634421253210757348172842195703050816378403543225871307505689881096345387
2420627746906306510348749371934103988212040240760820549004456170644659800485
2126687437376175908800947670861551130007692720059666847727622108181011369504
1885985872162115913002170384267341336567044785085841862862070911603761342436
1495125357718570149553519413794343594843820685000127655995699251562075533451
347502539355727394607431815649747593698798690963252636198224999966930228606
332799229112246515824284937417958830509480987587814169789411211009875411556
2138796354477670453757644229079008126892101694766797138531641542752648840716
3570188799284627155622449775890398991121606525537729440901259703948538976399
1693337852487546631227249630490964843065965299934963219069089344558998017103
3381970780993960578608159365384694612930557971064710946515388559162096985791
3460963032610549024462128378006702839204513055920149322330621874361580146269
2702241182299545106311310615907778978514843234550888081344549849429076033708
8967058464278003184059537945839960992308635616612421400552788549991069822
15477732760736617602310708674674390202948334311980097916473719574138933439
1412604335916471075873189065092105940127586506000743282592651341833108347808
2220203494372680046817456125249119125907686269515943717495335083199795087718
2462580223995083692074624215856389700563722247254008841557579383704334869480
1983916538798073285486816892049752006050249928370994409533912965856138100078
2510660910846869913176637499411655404537435786487519254118725983647103879581
586300859060783056767518752776118521400828699961389845682884595931976821248
1433438358861865609792657494168403615216899205525997232381013506540446939750
2395718540524840809391874098362852248768456433324732747240762903745465928510
2787039469045796826575540328228367539140841363424351031753771340210570347467
1462982684743474001281234318757645326581524305462524586702919341724426873421
1102695631577048308488551289683479926508897152327967662645023350090175392188
3287636192097991121272461612757617169144535274665490089454413556773437432357
1312824535846855145338197815814289129758140087822252174622127943239516769641
851385235468165555288357888193811995815121428529953704089716319993676971145
2119497926193411329498948228752254079149109357753617798786414291943585925928
486409216977266726677367561341316984191917300745757316892978593694276441482
1945229158086863257032482798872786726470595500706004013607332495856655908515
2420199664222294009302273342471465165289125316009055969935237801602861128349
2853288663639049056690555610440361048460992234997334150949822976977742150663
1616130990480106268408746032683030391790155577186597254502579415607513722229
1911664503262316856031858681130777857180237469060792956615814009905948608280
1491559425398655319658684734854707813874233801053139383553137699970879703595
688355612592869906955133022549705099727975230120143211338982931767989881168
592404885422731280685409984603914306023228358880258246810020389695079835091
3588018915681360045257476600658691765796586040078302882962338961227124472329
3453579414830142957110458156678268856517476969289261394076802222212828835056
1803056834657257246052911971018991241942828097796939709671843995664997800182
26000707737375183790083589699464499589921319193503666996262677224647235676
1696843406954143796644413380399692071308986968013210702527621818387659967974
2315477386314845736354206448595126052751498211889107527880745634765710065626
437819532343251637569691249924046049692292151488663395649648439883504424756
1735792611904300416954699332128257829621953806808793735976313513372585246917
3459259173867607075854345854753054096727381625745235218438425528019818791004
2168690346238562153376678658947574877208769434212351828669360630601194030250
314467887379047807068813131858289057455626001268432334749933167779413785392
3615510249801269174512537575267799637183413947796855794699723736550765231385
1222428212797897447811033991420600313657314195827157119068171551521408260995
760539836342275583381828910729967199736524278425437731102805614950199018073
2235852612431433186453111520250830059946682521393203016513043046386925654233
3514963728704830270798989608596845946639100882268269844026565895444617050768
3002571695945877972629101169226598176382879071941256350132991505699676427066
3229461492291406426451456844899383499617108103861525896498874420179320257102
2564222525192273761321237887521346094609725441611661848977646604723446266490
3412935992292639922794369449931713217546075853958214265470987125212561753533
719713643287866878915395475533518755224691701121424219836795657722481518727
3193952880003033401422645991205039542845548628434255331622645326064355958675
1759092375802773924494908063342889668674664221433075800449136245401079117572
2211843801979745728293440898062984614027189839183342985860296903651088707103
1931254718401336148266096921955874843240007537645377228369792724490891450647
1778604150671595644596931632419674345002486153373480869705808676387238966043
422900579133576684601354602360592736876632457502182155707432845535089049298
189563963543048696624063758496360878311846144372140211757352914701188580198
302046846801824258503633468306860934834373491770109664568940028278633372761
424880335958410492465692164195485348062768487393447909844724756314205672756
204371501777824622227863409501791086714262218458204915330446442596283033108
607333064401567484729018012405214339129886530744956550959269601596248350273
3593675161036162776430060089836739687446129880747933791267096847594515324720
2873340206426171608357967066582750398447568838400712029122644740912065749903
1187093867519304275596046722383661217540479943425043558056202628251741983665
2824496881620589184225353628635956589814192432809827550028720927875159594725
2534719784312997997964966426382466850817416259975790775240142846846884284774
1591429840884125832400719025469732470741670319064823408582655349794542418425
1685331622877444817297239463585208736777125180093690361402084007399908414105
3042386727002042284509832182214261387543961473781690238121670851874817836906
3588577725940917642273595626028227807047102558436861945491713816469849652719
1647321718845015028859934199994085794881242192451509928018674671364262019655
2425515666578354777519452507707150479475255639037142982107795823140010836594
1109198064225822963041291728226773344304973023592560210238052699994375698538
1902972871607796417707316120553631280575460165398443792634454366621205440326
2651812648422181812866007901009401219068709691159720747763354605571765382397
2406250633098544973484845163676676992325045518262048331929908465964034778002
757469723037323197481144331677888118154425776563332893304693014483065752937
2556688669611982185084487426614844865969928637182233067369912365558021704743
2581397054421439044591866497266492395984126178239584115967859514464709018538
2627927032010080554659809912762866240816195642241850196704529988086332740517
2912191058584916577017838032668436820691459428015529623355836962076819206116
1898631081998957740843200132643312192287374899834902723184727656819232791265
1837521845104622747513430188031532901643187036929505959742522834965109059057
303666953144329978455273942454404400438064684384088177529640514763209624022
763516563810559564735407296116645944041815890764639547844226631480047089018
2000919865509523058406372128773491576399613877113874274113845690905004590451
1073142716747049053419548659675951432274636128496002375603979367604503848654
1103759910947523155173215412834016030373925866074806130768008353792060036024
1027928883043217177562482577078836746080746584848078390621966149161355159054
2194749252885827876551506682807589530941947449077122648207950563499662393858
1453108202973709799130512167491706635663740397973025234119593840426574306870
2100698646163044814794874119179452667421796479612281496844447616130184359173
317358842652881641774220800614240592709929771315091495899064222248879054568
45315401245561927514400284322510749610246652006914914271433197725147782777
1021524466614827913542232950910403190496980813047890620109746516093379075221
61229610642911763723591236664762462641597147883746406080384965966926285111296
17748097246298708799821858676711403063944737540425580298403510834147742449664
112264368586135992336678816339739307528922682761304401489568955343961264750592
21168315791109970172835784492407521782105740789059511511026809151482694205440
90502180187275431824951209829864165912415403580503899338014121498636248416256
33069735476836993306464268290015684471664325430686343197424550843697063788544
67866379369899933156144312704737634958860692422190331770813802021082808451072
2688230085196821640547346329828645177114360233310996261751289224888759323526
310518033766834110093340765495073730790918722393542773402546532918291742518
819410705754016194018885370617838623067528941722396299509227750401013715152
2474679811958738071098211752480429753110035562553076138798575543488871840110
477767866492932112355134600936998555726813188031291043591240698099364496000
3411541038194049043585966372394537655763475623866428955988599016586309998658
2129049971801616697837133688134246134435910407715125300017169028253990804462
1268713056964069781503446066975025907100654701016048642377582619446373237837
1673306771995471129811273563274994816479380527416962992194493327696200230428
990910929396234166352906428574213032985349856184232499275101154032835992216
2225681287222862078824791491626723164419743543229473306052461830587983266107
530813928646519479497986064233632247138859768552261763133780392391772662900
3029108369354086555387033177827992520621283989780007597055845706921673122746
2294704019653506557700905939322314600688218293170725288586737578482206672438
2259121788551439011334738755823819181967146665691108049292669856488572161024
3002317228279422960235522960349323212175391596528356110130010858654034111843
824311291630171461791449621766215106154644180614811621983093379466559871898
2346452826599475171855484536368908487947424285524655016746770915217810806755
2446853542461441276639738272902069673605195861897620360821120053993596817943
370160302311769664961929815469445247889191983525650675396471533446274503246
1415118928309999571827053543407039469436347856361956374016813779625884679909
2165947743105166978427638223765230109314152900457131382600675770034101569034
2920996072086865640412562951616167361142112709866443358069762892635705133959
1848371488671011240421178203979598848416634950292679890564346051661527106107
1862205687998178490215275507544089364356586421485706162202844415833670327349
1655317532768332415885677814707382091561662635257202457823868336992150234201
912925902402599823785570809295852482584679147752620839856688430130437976425
1950567036696121631411874447535649720145119093945008830763821340562824340848
3609549212009033888788721446572944617225608962869529162985145810189834329207
2135102509424447696239512939778615371232280325966943264756730446959787108322
971504431442850287695309834438219723817409831074456916028378828148341656573
2907688921536130022746614910143480728613739646387845681052500633878740238250
876752849228798562556084449313825910749420394722787897835288473272089465549
3542575620935425596008756267710502431297926317337529268347528127658937255933
1184578326865944988463122758635381253657914797580587492287622005134894431836
236057456215249916861794732618258182868424322860527057989858325855868995726
980612247997256404153088349113213528174619774706698724480085753676269139178
574632517896230014388109586004159556208570874088608473235126194966519112796
3043613191368179996109622584057429178975467651606286567220381330526986196238
3375063633232583664107754960548913624489152476143480831596035045298294536743
2273666179733032689549043429490787151279210983875727314933730307524675288220
536460557998218115880335705463851726873758778133265501631226281273958762774
1459475108891804147520906776160213838161007205658435636890107009466821448893
1168802003349076482710137780553871489911219713309446614667371774279179100618
3335571972022129415673858886622296090113529620617894595092457548882666315499
3031995300500338360172998380087687128711387622930761812229120821786715474291
1909732536299943329760613795852506385952031070226940057915204526617052052926
1506963266242405925440695333251781654333420463376985349733502417706015400018
709317937645746189538552519492994812664639365309158836203239039188837995395
2975091101981609838797310735341262837012605263883047121253983560914272119792
3397210203279988715024800416498667207449766802650769387969437053700074077002
856256886251596034111772988579613789768051263218704552587216642065715441878
2609911876985681313122118253728420487470651740673625749203494693926569541095
3035157206474886577482497747103370748303008147728835353968720760056448281998
32335000795078926994235879431693240661890499366552626178708460767150328898
2163275415824791036337670540938634327148552513167153343398513653806769542013
292239211395254309284241709584220330478760111254076726174784791184678120694
1482816631492527701655498539165167368853549170140161047165417973851173807525
3539225936023927414602095120797201738179340692382021631416031160154785908255
86110479306039184679024635064110283588875290119013695301423319340100976756
2352300434655590605778914269270205007302581346810504453757612646242189514210
3242730286061638918451811073633982599548672593506185980348873930592617300020
980384021865170958575383780460675238605457109471375205497706071218442782978
3471764765382490476324536304362864999513379122648990927853975469702424021378
19224467506386397606280718459037065657458014137216234955749676034420
112434947955636293093759765120970046829427603396659678466858339385060953843640
96538093808731898981610180700296479920419248850901686462469159185746056750426
83382427721840276517589687364642092288808811714572134377471637721127912014485
6908314420061234191351534305805278181271949843220519811987210590715634653888
28397288926751218178947046110068002193212395046569009776188872779804550508435
22245629429097331646925574091685161625958451025221282212120375031058929977912
18241529448279635718009618651538232149891901768597293407843607692396252258270
8329237912524499675715158479060366742336658824959909637840101486153703375312
46474947297953154503036733516454343171461840934748749953152348326438524500307
90457158473801328470005276954538786397787144438445350775260649961505077766097
40339780272447317679020448650959286667752564033336275325823198287178226857777
36066020924517553837150943966958782398748488727648773680296835770712353286319
87018689341815768815788458851160821142310593308713463734606044443352986654676
37683146892095079791417558932169127742026652604026472747276450274840810655561
105228884746787548246034245086251049488139943534946968551686953522516368766967
113111762972493565718449901297628711157617644775341227360701449373805619280567
70189917790777072782711829573469141139312298195491461790504120724558928066578
15617312013547287738971295271401232395548028988540006095602085692580055832157
57607990779944022474170976865650266648749663248195693341713298280630476951688
113282216379924778780560493256390660009046224101064467576751547227806218927165
112342306957141751488663520467731860512345402811242668071378535748540337845662
97245122326028416214845228367142848547846761228807331997902928291634062201630
102557680275749386232805732451515424936229891327226087539571233359001584830058
26971336878864448421719440094658188030203629973440900839427031415122880322907
41428149070621431579526349364888325967982439119012112045277665074398853655065
48599099933279004071571169263434004103421145829854958745477659452057680590606
41377980878362492340776003648766129748329637872865566841277997883654704259900
86503896120036592482146203760864931176783031111030032239636844738837076110139
34839677178723069573626655918158613280792907619492005114432252606732852758200
78014097500453441669538569412606005726077380473688377491942364002301200307435
83485326766813952827537162223501185396433341104332499427067242220858972723274
9787673927263522143104651907166332736203975469404293140433867830225228319946
70298145249182273452043479727402138444514169661593051490636698881771877925476
92935515160153755937432039726013302203179517878642279187653011865425713230207
8555180819681036243892944172738139237607154008669680514642343059685005749989
101120776027665580395006589205054162290870751389675200172643205389586579073333
68884749833227691582989177413641807817649725881040037914032024298561765353851
63463581811624587516163903101164777299537934764723334373480644970015244134394
73860891788325883521076815606177789084312622376420791050412128772190118969077
65271559119829253146954619321093915143509227992574941073562391340465706227460
98556767649758034348875851307543948488370944446776200730052524773453226458514
42729748010101870499964435985667039624305617327312139026863232554213458451138
20356103155534361121790781959058008231459656193094203769632040362827879609520
1028325169501670836144954355790785005682535961082311563441241232623421430287
63302405499799641384464897976461710575603721014230969485023032927305443903840
21940318370649578687978657690536746925349667630719908796854801736755152413318
72186703468051451567936195025150655302242480625739578241002926249220552503844
45202922259598647493472449378675164449006147133156743464120664657234134748142
111224223073375078221220247944024945990109108719973290434633415482767000796753
10947693121703984082209370689402097929668595862876867916067588339933674307636
47659089301320109264615168295464184066548319576104106155093796594713392042162
42814315701620997808255193618252797137273705667748326691740880963572271267337
4961361277493704480726270717269429773283200159117711971372278690547885154811
17964499968997882667454428628417643339950751854093156336266217511149953588541
6224276645285188856583187491951138730497912907196029818955689475252458819242
102441796284883223017901379742404521851126850318563634655516788635351498433796
59214452218984667257375147246231046047146890585580182988898732105678376206545
9218534085525021575333658749826994908559344817553580278705816132852056555264
55995751660171291214875848686597801712725104374676629170379604996130173648111
32009390453377284449885834699423898385863360962629202612532725907187286952629
51182300245728588957141925176854399532652685869425400227991067124922261523012
91817095579763312269119473705061572343728856448870471363409980478217655075699
14760288767395690425691587485945185944107363126476061827183919411989652786325
29666657496332552235845832298008986961014511499023936606412155826877686438797
58671270959010256957790658174446839418822529599688052340546493950647179233672
63994784679255430191818048316292155924696849657879075327820603358081252406151
108556415054407679181390607560706266278367419677216449440234060374080928536216
20602603225958343291111571322651218635622538476579193339112021421805101552989
50579739297705212193851321318407814880549992124482553506366148621840298171436
74216815195564681668628731701025521449114550676913260005163055250703943556944
97687870394941716754659184640807323122109649392788325577930699349537248728160
113290826272641543387945202432134767216537563959940020510648858999385020256308
40120470127093583212738211241649350615979272565544938609599962750355636704055
42275394201656068509133476223033184090532209838852569976038387749219630006687
62141096313072924438776629448169056178155605981611241606422100522244163821783
101581016736602342016679051849109856076549343146345412375727648539991523869135
17194684941926041219284178106083745046030027793782272691292308869304097087496
46590501695482942033877517586384816436648903292141104693733039028728797600710
83603712517477716638295395173655427332630278745348408888844373828992775330660
101111448982344169964740585870275457143894140173027961098520453900224133982373
107269313490475876123496604130911320653384834048025167682774621831364712213069
112856273575077522415607853493034183078202840447030054101296005964147203212258
86829916546655722652394995335599797199924291919158313573923195839573223292475
27439368182433109896070454061163118650905291996832616581565799190196690913202
52770598818741937147603329815475999735368039509569990113532689680619639418038
79146858505956851482315629876627339975379706406202106081528168053560740261698
114666819982377525708139160656504977863223022334858506834972582908626394410017
79134212957853444052219298496460505149479902964753799166829361245993098749117
32954314113152765671118998137279995030409931330409332951185921067073544975248
115014495240913903933668164964665510975380841926642924422666135258258100365942
104829965512758973224856890092759725177190869468912480175810309516137987903593
32211444603017316636181491096617135787439086829658641212410800749235094036291
56084864507656522103383228512380402998705811088514265833553635454979209063776
72987418283087175812066620791217587486213700287208315393497411754598736849301
39489303762603161926707496246554326424930587111286449474048566111719327729501
93329966156704699153904540937376057614069208334282556114885683899999472869592
60438748977584349769116914451566548077215702592466744266308161151522710589119
81707166579747582214120274180634844793423149381899432242079700741957788869283
38154746134439074648781663234426487040578492500052185941909858291118884866438
57705420269661405102958106230176462772320440127943579780525980265636983365159
29647394765527640291602247198281505510169737809307493349459885695231768818266
114114597533235973605131046769045532864937639205322859445267664197643564655106
104035863763038333167423592748622856305394699363925163698093518128827714638133
36302526273179877964697776419939657945623345361070278632321670458848323758350
87053287849274548153529917246694068418061015273974447645887270665942745824486
44718230908915169698253953045277625843542622166390206679659085252693617778988
27887781351548554036184996711732876461709888741049317984333192518348723735567
105210141734284193977547224166443923537548567404765934059140574461895218564749
36839551339445669346911449665429411161386175931652669554254903125382995688994
66197717682312849725531517075639183532518491087567440753853415136861860526502
21338996509075275897923919411988244323549012279983918645289079297272712194226
25791723332312662747683276998826869948495658898115501347766472148160087191972
93577320829673297618139732648279328616811661245727850934458221672047823914713
81673252383435305170856363961282193823709659268722240250423086675501956879549
112358495738539006288343097645345717111697648742238640798340382582498827096676
76986480877098241821139954454322417002631796645374393903209681453082952813640
68652911804016863492298744858975399676837203591667264983927263452818844738477
102386526630247651794780576626385100570047420116368587751277529518444314772079
12666195018094802885964862578285681477619555399786732362699459878326237139518
78829778297511397738116324066700339294147184266186564172221377409122119505027
28302288778498914803924387289611287125485143012349651199347595991971232781833
1510436640997530586231940416717344126825340575913594161090576373134999161810
43427312922703772832275844386341722171445192274463381724546504133420025153665
27625038022049789794675988133527792028681347811736590585626139053177583136357
7410264520822547727530446187281821493785744079228451197363436672715500872850
32891582392679936165383805659608960004309999153393652158234321058756336297421
67246769583151570396677186673832696952134731891109836652081957424036557083543
95267714473553003440491721788947580912044104214338415274368553489946051915189
70296845347806787461593481848214465646737268856454208766810149582646090361088
94746186235870783436235342950270404295063036273711575027929491395491237044410
59476043482636541095420884615295986440170910359204617323704626124388745407045
60376279389203835343895156360627894631706381817655291609550158213998220399346
31458628181394383224218508226799003740703173534108532708397171353267614377386
94754653276512872492104014930017963279185921901311754894049377842458895910946
861716462311653971246303515888131590963350515233181377873525546858331633947
70212289351145927443063665265168688070445966544693541499544346042194697443773
115231535883260710352714248163784051690652487212621955642495115174645492108029
70917265673598888470548498391058959017887513652303878331592073754154399556176
94096923791583367516474020632104970226026634681393606194193901018496391544510
65414289165988876946723429662741836596410805965594835680309402928782909709503
57440262892880417824636792142774941299149989660261884949569536049565285988426
19674767029598648007345386586936635547044871416098154893276543040483737444493
110628820069210479587261975681728230874513890686078575521689500926069302065997
29114384162711176677050019575267001555588834801110501757153430942445520212738
2859199348131495795366248518892016150907246959219397492154654150589462328549
51835655934118529750326690604394615516511642172748649684769402130457591733335
30098215670831365090049084109688416260421974803223211332987580432294692213962
2880230401540228406177677563460325826571666458664706173567706557898869090564
58842113180287174852282889417190563830709791910475700677696016735244662534684
88236470662265679160816551537531089222987245348116233725102315530628597170138
7580734966767472841824460166387035111816288133073041346147076642824990526341
37031205534808987154420384948826739589454599878460832720935185751018365302281
45621363540420073451878442785335790808176288040630130597573647830029263127852
13048073679818616717925363657576757208012828231130628360286401811606006842861
2413051320016579249532218426363525726767004306850249099986446935454342991811
47493549297797342561216919317692199478752006072490601820171172562258099546107
100737390951140860068506050254923886608975993702577332068889152035406866520023
74350224462524806870588105007477324667021114167867231707844655123704362149181
9100612894893485734245675614326653196406042999188813186909468529910811620845
52946925532906757632526234025246756751267593991434811865205829490751462269702
28005240366185996443001478728390246598908688392861995853672963079933872323501
36110482950239935678629185389445617810054950841236966391652946220094291107111
55378464598866136786042328980197333097812580556808984797619410941744090314335
4598285848377294534512154586229010496936503658078224500330079302026633760770
45522969926308350031177275004859174656429617044453876837153502922434165571240
43519223566535396804445473966273365360193995108946261828235177185535016653876
33708714060964028588982469369249755806592441076794610928077872940530711889406
93368918022235329687980437819268172861332691883446448801103283523903290971975
20482935390910188029613972770964920405237975863721194324816879245460088120358
38418809705230159463122676624217647021074097058634217180584973107398554999363
73183173094578080732883064709517514303189920986775182043340058350700625332271
104581576559761547354574336562373099213019671916030814545703767628966805516690
103367808847352150077359900306564113411705466499959141738420244018423728017266
57234151828761648477473327602257575585481678388422390072778699087651618098335
113963948122579424886682063854839789862652727073553839425672747411082117289959
33156442477344740039900462887046009338235544220906764179445361290395122230912
52089783120053935247083947739654231050012646435899220813919700862582694067504
88642286931579644700696109997946901140034070135780006183100488447239344903011
58640424707558419679649087325093666488444689678426352089318175583784895084025
84841914856196453771398164528872670712328995008525561554268396989321655346195
80889384917218959409063981291510307765421165297697524369266874892879235653015
18703275489157225438834283290222778724631304597333523806641862151802733475160
53430482066229104911715852778212110426166671237881221319001598758364034562269
101531318992502439785398754684883447677300948992396778286889898297590121715661
34671246624756599675652898342502378647659700467497186171639747935851575349589
1820659524343905999849126139818624567976492002168233400131214321402354287164
79253938538867578386209027457973399382363511433668082524913542419980542863175
95717511541104185246843181525591164788475914212765427195904873296103836740637
77602158158435013044118341993081914228881586752813059924420211115981498866672
95371816895295292148471083222302247204163156845072786543769678883500753611693
112144636776354440024868704925539600840772443256891498241087335344733186001744
31820466133748044738227704066559779042346610413852491525029437392818449835736
99526950070146784442202649556628249561065541438307833091242441557260941935721
8415278123310930081512575349522425385100922922674145650001029311914696496084
39119123952355685557979288819262916891191007771196430442086558788727767822293
42226362776758730431847251277749160068971860331601624907938512548209789720171
48877438707186470064217202687019781795774897532756544313578935375643223289104
39918426466002370066138388839929647081531440939788033624608878455551465188791
26945818581604946842699077235854292243201437812422893337656847392546339646417
8205016603054073367914730159144534397747853226763247250560804803533181433297
76067811105209418617583000473467755433036295011456790857870544563979113423153
65355815210441208667010050269148660205343458509507317640209487140074320944333
17091823623773886610699776996592623519335896121588334041460879346940486910598
2424593731102985281214933361649534108762502429541958920787696435738741608828
19016963960407702372235489415366192351133324603375991465705238792090029421943
60975644305696674401373590228038018015721885845541850754524924737971237494959
5188376500328891406116381361449923814689673530860373702497832036913894618419
527370768423621140905863323513293753799993790021055805659899028987297090141
84302923806879674930361503008721102184166798404461290903512533316059701254078
82438882855917736519216157558626280610015764316658736641895078883058713506464
99672982087254534917138279545402048171186440366969592482312144471830529866369
104600038894158944732340563244630260325668633105132046385354350910747476604857
40932897394856659971292977943066180935975261913377200441926621576156861361772
97404409994740490000371215987433629888140676462585854942521869343633329570364
110661689587875203394015122997512336994362880879639046961092053005995130875275
25958219404725809019793060399582114763221561746759087169595580404929114455830
29877216632889012607484151392454037584307152948058490228261968403670131942827
83476123198920127499766926624302676254010769565961178855356646742177663942429
92257510150799157656255527693765847210058125244925949226503378739716012698924
31573468853906781676479651836274681274876831565686940105353639718480435770871
41501562952520444237463970816304480865075316756770891771424166145473365335568
94292604518049227779215633969305804704498524250538151843509141261780732891751
12910460435953918573249786910424414520800945265129455101465206195943526733797
46948911687516710009355115196803945117799121585002691733763027186758915667172
111302406995818758799076779654619791420076551518632538632274074082136988112592
70437366358525815374639976350859501442536052985584460254813403579224269677829
27468792220509891342604425622736974105675727789127804507469821834279965458094
34520290771322136129840426685496941131128594102612231381754962174480629020698
89980225477406397306181654802222143818624986643209281397124681885971922982256
28604013956956240322927615517674976001265722313677252770487920605852426241631
40535772821673239842796097444904912754003307781939780015328508345841052225891
62856805365838152625415244998988596234109721764204940350289896431303626100425
105998387367400866497735531481143316538767371791120426197513651429131085838170
5228209189034301535788377102779154318159122626417209060412480548847108314754
44566624467294199198264481462364278038092282838573724897862802086608844742892
69219088104261883535956824876388390213904180914906608361905151462494254248246
46732432857470284780696082404302817800095760215312573862841623851940090380239
99665510624376308930214749665054015191445424617018080019001681718953044923259
10008180437406143826808603621535155458865210089312059818851362597592644115939
10128488065645463033920487417743095639738413518680584652876979885764645912768
18806644878634671854797808104555973306391776216557596721336265666521732054749
82245955811492650300872736779651358071533487222407478732884064192263221908435
12574261102328952552819528463396583625828622388371851599079579065617050433363
61337242231866011959193280682023703020540603060501375640858936744283098194226
39375833930295190774399888508646751561951017815812599199532147593232587764436
58171231534277963561708569788840677900097774590574025197455731021836693012480
